2456224.592500     1.000264     0.000200
2456224.593200     1.001199     0.000200
2456224.593900     1.001360     0.000200
2456224.595300     1.001843     0.000200
2456224.596700     1.002008     0.000200
2456224.597400     1.002589     0.000200
2456224.598100     1.002674     0.000200
2456224.598800     1.002502     0.000200
2456224.599500     1.002866     0.000200
2456224.600200     1.002865     0.000200
2456224.600900     1.003762     0.000200
2456224.601600     1.003166     0.000200
2456224.602300     1.004254     0.000200
2456224.603000     1.004387     0.000200
2456224.603700     1.005039     0.000200
2456224.604400     1.005658     0.000200
2456224.605100     1.006040     0.000200
2456224.605800     1.005961     0.000200
2456224.610000     1.009010     0.000200
2456224.610700     1.009579     0.000200
2456224.611400     1.010545     0.000200
2456224.612100     1.010475     0.000200
2456224.612800     1.011298     0.000200
2456224.613500     1.011677     0.000200
2456224.614200     1.012507     0.000200
2456224.614900     1.012450     0.000200
2456224.615600     1.013415     0.000200
2456224.616300     1.013831     0.000200
2456224.617000     1.014436     0.000200
2456224.617700     1.014862     0.000200
2456224.618400     1.015393     0.000200
2456224.619100     1.016536     0.000200
2456224.619800     1.017205     0.000200
2456224.620500     1.017859     0.000200
2456224.621200     1.018612     0.000200
2456224.622500     1.019666     0.000200
2456224.623200     1.019720     0.000200
2456224.623900     1.021275     0.000200
2456224.624600     1.021227     0.000200
2456224.625300     1.022427     0.000200
2456224.626000     1.022654     0.000200
2456224.626700     1.023259     0.000200
2456224.627400     1.023335     0.000200
2456224.628100     1.023802     0.000200
2456224.628800     1.024915     0.000200
2456224.629500     1.025246     0.000200
2456224.630200     1.025950     0.000200
2456224.630900     1.026372     0.000200
2456224.631600     1.026730     0.000200
2456224.633000     1.027964     0.000200
2456224.633700     1.028513     0.000200
2456224.634400     1.029391     0.000200
2456224.635100     1.030115     0.000200
2456224.635800     1.030956     0.000200
2456224.636500     1.031866     0.000200
2456224.637200     1.032571     0.000200
2456224.637900     1.033798     0.000200
2456224.638600     1.034287     0.000200
2456224.639300     1.035520     0.000200
2456224.640000     1.035504     0.000200
2456224.640700     1.036986     0.000200
2456224.641400     1.037615     0.000200
2456224.642100     1.037717     0.000200
2456224.642800     1.038855     0.000200
2456224.643500     1.039350     0.000200
2456224.644200     1.040700     0.000200
2456224.644900     1.041533     0.000200
2456224.645600     1.042064     0.000200
2456224.646300     1.042762     0.000200
2456224.647000     1.043287     0.000200
2456224.647700     1.044758     0.000200
2456224.648400     1.045110     0.000200
2456224.649100     1.046261     0.000200
2456224.651900     1.047577     0.000200
2456224.652600     1.048682     0.000200
2456224.656100     1.054604     0.000200
2456224.657500     1.054814     0.000200
2456224.658200     1.056100     0.000200
2456224.658900     1.057209     0.000200
2456224.665200     1.065452     0.000200
2456224.665900     1.065753     0.000200
2456224.666600     1.066490     0.000200
2456224.667300     1.067406     0.000200
2456224.668000     1.067780     0.000200
2456224.668700     1.068524     0.000200
2456224.669400     1.069138     0.000200
2456224.670100     1.070263     0.000200
2456224.670800     1.070424     0.000200
2456224.671500     1.071795     0.000200
2456224.672200     1.072033     0.000200
2456224.672900     1.073229     0.000200
2456224.673600     1.073770     0.000200
2456224.674300     1.074290     0.000200
2456224.675000     1.075176     0.000200
2456224.675700     1.075993     0.000200
2456224.676400     1.076591     0.000200
2456224.677100     1.077743     0.000200
2456224.677800     1.077809     0.000200
2456224.678500     1.078386     0.000200
2456224.679200     1.079757     0.000200
2456224.679900     1.080452     0.000200
2456224.680600     1.081240     0.000200
2456224.681300     1.081750     0.000200
2456224.682000     1.082387     0.000200
2456224.682700     1.082965     0.000200
2456224.683400     1.083671     0.000200
2456224.684100     1.084716     0.000200
2456224.684700     1.085093     0.000200
2456224.685400     1.086168     0.000200
2456224.686100     1.086809     0.000200
2456224.686800     1.087339     0.000200
2456224.687500     1.088692     0.000200
2456224.688200     1.089297     0.000200
2456224.688900     1.089677     0.000200
2456224.689600     1.090943     0.000200
2456224.690300     1.091258     0.000200
2456224.691000     1.091624     0.000200
2456224.691700     1.092140     0.000200
2456224.692400     1.093298     0.000200
2456224.693100     1.094160     0.000200
2456224.693800     1.094443     0.000200
2456224.694500     1.094532     0.000200
2456224.695200     1.095254     0.000200
2456224.695900     1.095604     0.000200
2456224.696600     1.096310     0.000200
2456224.697300     1.095899     0.000200
2456224.698000     1.097065     0.000200
2456224.698700     1.097237     0.000200
2456224.699400     1.097430     0.000200
2456224.700100     1.098721     0.000200
2456224.701500     1.099368     0.000200
2456224.702200     1.099425     0.000200
2456224.702900     1.099813     0.000200
2456224.703600     1.100382     0.000200
2456224.704300     1.100298     0.000200
2456224.705000     1.100995     0.000200
2456224.705700     1.100915     0.000200
2456224.706400     1.102046     0.000200
2456224.707100     1.102244     0.000200
2456224.707800     1.102302     0.000200
2456224.708500     1.102762     0.000200
2456224.709200     1.103132     0.000200
2456224.709900     1.103266     0.000200
2456224.710600     1.103918     0.000200
2456224.711300     1.104040     0.000200
2456224.712000     1.104895     0.000200
2456224.712700     1.104397     0.000200
2456224.713400     1.105017     0.000200
2456224.714100     1.105199     0.000200
2456224.714800     1.105071     0.000200
2456224.715500     1.105546     0.000200
2456224.716200     1.105587     0.000200
2456224.716900     1.105899     0.000200
2456224.717600     1.106357     0.000200
2456224.718300     1.105970     0.000200
2456224.719000     1.106246     0.000200
2456224.721800     1.106139     0.000200
2456224.722500     1.106297     0.000200
2456224.723200     1.106600     0.000200
2456224.723900     1.106801     0.000200
2456224.724600     1.106577     0.000200
2456224.725300     1.106514     0.000200
2456224.730900     1.106015     0.000200
2456224.731600     1.105447     0.000200
2456224.732300     1.105619     0.000200
2456224.733000     1.105506     0.000200
2456224.733700     1.105137     0.000200
2456224.735100     1.105277     0.000200
2456224.735800     1.104945     0.000200
2456224.736500     1.104764     0.000200
2456224.737200     1.103921     0.000200
2456224.738600     1.103613     0.000200
2456224.739300     1.103709     0.000200
2456224.740000     1.103109     0.000200
2456224.740700     1.102590     0.000200
2456224.741400     1.102284     0.000200
2456224.742100     1.101729     0.000200
2456224.742800     1.100780     0.000200
2456224.743500     1.100921     0.000200
2456224.744200     1.100237     0.000200
2456224.744900     1.100058     0.000200
2456224.745600     1.098997     0.000200
2456224.746300     1.099027     0.000200
2456224.747000     1.098169     0.000200
2456224.747600     1.098352     0.000200
2456224.748300     1.097960     0.000200
2456224.749000     1.097264     0.000200
2456224.749700     1.096992     0.000200
2456224.750400     1.096681     0.000200
2456224.751800     1.095390     0.000200
2456224.752500     1.095163     0.000200
2456224.753200     1.094273     0.000200
2456224.753900     1.094102     0.000200
2456224.754600     1.093232     0.000200
2456224.755300     1.092631     0.000200
2456224.756000     1.092723     0.000200
2456224.756700     1.091872     0.000200
2456224.757400     1.091395     0.000200
2456224.758100     1.091128     0.000200
2456224.758800     1.090219     0.000200
2456224.759500     1.089412     0.000200
2456224.760200     1.089300     0.000200
2456224.760900     1.088786     0.000200
2456224.761600     1.088067     0.000200
2456224.762300     1.087095     0.000200
2456224.763000     1.086997     0.000200
2456224.763700     1.086492     0.000200
2456224.764400     1.085919     0.000200
2456224.765800     1.083917     0.000200
2456224.766500     1.083402     0.000200
2456224.767200     1.082084     0.000200
2456224.767900     1.081225     0.000200
2456224.768600     1.080618     0.000200
2456224.769300     1.079968     0.000200
2456224.770000     1.079159     0.000200
2456224.770700     1.078349     0.000200
2456224.771400     1.077713     0.000200
2456224.772100     1.076933     0.000200
2456224.772800     1.075811     0.000200
2456224.773500     1.075385     0.000200
2456224.774200     1.074487     0.000200
2456224.774900     1.073422     0.000200
2456224.775600     1.072218     0.000200
2456224.776300     1.071474     0.000200
2456224.777000     1.071239     0.000200
2456224.777700     1.070750     0.000200
2456224.778400     1.069538     0.000200
2456224.779100     1.069401     0.000200
2456224.779800     1.068329     0.000200
2456224.780500     1.067302     0.000200
2456224.781200     1.066948     0.000200
2456224.781900     1.065757     0.000200
2456224.782600     1.065210     0.000200
2456224.783300     1.064001     0.000200
2456224.784000     1.063552     0.000200
2456224.784700     1.062519     0.000200
2456224.785400     1.061447     0.000200
2456224.786100     1.060871     0.000200
2456224.786800     1.060533     0.000200
2456224.787500     1.059251     0.000200
2456224.788200     1.059325     0.000200
2456224.788900     1.058089     0.000200
2456224.789600     1.057624     0.000200
2456224.793800     1.051977     0.000200
2456224.794500     1.051445     0.000200
2456224.798700     1.047805     0.000200
2456224.799400     1.046226     0.000200
2456224.800100     1.045625     0.000200
2456224.800800     1.044741     0.000200
2456224.801500     1.043911     0.000200
2456224.802200     1.043210     0.000200
2456224.802900     1.041711     0.000200
2456224.803600     1.041524     0.000200
2456224.804300     1.040358     0.000200
2456224.805000     1.040132     0.000200
2456224.807100     1.038043     0.000200
2456224.810500     1.033630     0.000200
2456224.811200     1.033006     0.000200
2456224.811900     1.031629     0.000200
2456224.812600     1.031898     0.000200
2456224.813300     1.031013     0.000200
2456224.814000     1.030264     0.000200
2456224.814700     1.029741     0.000200
2456224.815400     1.028968     0.000200
2456224.817500     1.026688     0.000200
2456224.818200     1.026077     0.000200
2456224.819600     1.024863     0.000200
2456224.820300     1.024385     0.000200
2456224.821000     1.023850     0.000200
2456224.821700     1.022862     0.000200
2456224.822400     1.021874     0.000200
2456224.823100     1.021212     0.000200
2456224.823800     1.020635     0.000200
2456224.824500     1.019655     0.000200
2456224.825200     1.019310     0.000200
2456224.825900     1.018722     0.000200
2456224.826600     1.018327     0.000200
2456224.827300     1.017386     0.000200
2456224.828000     1.017099     0.000200
2456224.828700     1.015984     0.000200
2456224.829400     1.015988     0.000200
2456224.830100     1.015362     0.000200
2456224.830800     1.014256     0.000200
2456224.831500     1.014317     0.000200
2456224.832200     1.013453     0.000200
2456224.833600     1.012799     0.000200
2456224.834300     1.012391     0.000200
2456224.835000     1.012015     0.000200
2456224.835700     1.010697     0.000200
2456224.836400     1.010662     0.000200
2456224.837100     1.009556     0.000200
2456224.837800     1.009301     0.000200
2456224.838500     1.008039     0.000200
2456224.839200     1.007783     0.000200
2456224.839900     1.007568     0.000200
2456224.840600     1.006911     0.000200
2456224.841300     1.006759     0.000200
2456224.842000     1.006455     0.000200
2456224.842700     1.005692     0.000200
2456224.843400     1.005717     0.000200
2456224.844100     1.004817     0.000200
2456224.844800     1.004892     0.000200
2456224.845500     1.003677     0.000200
2456224.846900     1.003442     0.000200
2456224.847600     1.002938     0.000200
2456224.848300     1.002453     0.000200
2456224.849000     1.001885     0.000200
2456224.849700     1.002085     0.000200
2456224.850400     1.001660     0.000200
2456224.851100     1.001525     0.000200
2456224.851800     1.001128     0.000200
2456224.852500     1.001842     0.000200
2456224.853200     1.000975     0.000200
2456224.853900     1.000741     0.000200
2456224.854600     1.000336     0.000200
2456224.855300     1.000222     0.000200
2456224.856000     1.000249     0.000200
2456224.856700     1.000504     0.000200
2456228.170100     1.000350     0.000200
2456228.170800     1.000683     0.000200
2456228.171500     1.000602     0.000200
2456228.172200     1.000689     0.000200
2456228.172900     1.001184     0.000200
2456228.173600     1.001424     0.000200
2456228.175000     1.001657     0.000200
2456228.175700     1.002103     0.000200
2456228.176400     1.001989     0.000200
2456228.177100     1.002556     0.000200
2456228.177800     1.002172     0.000200
2456228.179200     1.002824     0.000200
2456228.179900     1.003328     0.000200
2456228.180600     1.003006     0.000200
2456228.181300     1.003407     0.000200
2456228.182000     1.004456     0.000200
2456228.182700     1.004822     0.000200
2456228.183400     1.005690     0.000200
2456228.184100     1.006243     0.000200
2456228.184800     1.005937     0.000200
2456228.185500     1.006706     0.000200
2456228.186200     1.007047     0.000200
2456228.186900     1.007793     0.000200
2456228.187600     1.008434     0.000200
2456228.188300     1.008392     0.000200
2456228.189700     1.009841     0.000200
2456228.190400     1.010093     0.000200
2456228.195300     1.013109     0.000200
2456228.196000     1.013541     0.000200
2456228.196700     1.013937     0.000200
2456228.197400     1.014520     0.000200
2456228.198100     1.015262     0.000200
2456228.198800     1.015519     0.000200
2456228.199500     1.016501     0.000200
2456228.200200     1.017224     0.000200
2456228.200900     1.017452     0.000200
2456228.201600     1.017766     0.000200
2456228.202200     1.018913     0.000200
2456228.202900     1.019498     0.000200
2456228.203600     1.019988     0.000200
2456228.204300     1.021347     0.000200
2456228.205000     1.021903     0.000200
2456228.205700     1.022836     0.000200
2456228.206400     1.022941     0.000200
2456228.207800     1.024162     0.000200
2456228.208500     1.024476     0.000200
2456228.209200     1.025708     0.000200
2456228.210600     1.026682     0.000200
2456228.211300     1.027443     0.000200
2456228.212000     1.027634     0.000200
2456228.212700     1.028494     0.000200
2456228.213400     1.029212     0.000200
2456228.214100     1.030383     0.000200
2456228.215500     1.031878     0.000200
2456228.216900     1.032990     0.000200
2456228.217600     1.033493     0.000200
2456228.218300     1.034839     0.000200
2456228.219700     1.035991     0.000200
2456228.220400     1.036626     0.000200
2456228.221100     1.037062     0.000200
2456228.221800     1.037652     0.000200
2456228.222500     1.038799     0.000200
2456228.223200     1.038983     0.000200
2456228.223900     1.039792     0.000200
2456228.225300     1.041508     0.000200
2456228.226000     1.042096     0.000200
2456228.227400     1.044241     0.000200
2456228.230200     1.046775     0.000200
2456228.230900     1.046755     0.000200
2456228.231600     1.047501     0.000200
2456228.232300     1.048411     0.000200
2456228.234400     1.050733     0.000200
2456228.235800     1.051878     0.000200
2456228.236500     1.052576     0.000200
2456228.237200     1.053206     0.000200
2456228.237900     1.053626     0.000200
2456228.238600     1.054588     0.000200
2456228.239300     1.056002     0.000200
2456228.240000     1.056414     0.000200
2456228.240700     1.057109     0.000200
2456228.241400     1.057891     0.000200
2456228.242100     1.058937     0.000200
2456228.242800     1.059459     0.000200
2456228.243500     1.061012     0.000200
2456228.244200     1.061996     0.000200
2456228.244900     1.062217     0.000200
2456228.245600     1.062443     0.000200
2456228.246300     1.063280     0.000200
2456228.247000     1.064048     0.000200
2456228.247700     1.064430     0.000200
2456228.248400     1.065056     0.000200
2456228.249100     1.065276     0.000200
2456228.249800     1.066648     0.000200
2456228.250500     1.067485     0.000200
2456228.251200     1.068067     0.000200
2456228.252600     1.069739     0.000200
2456228.253300     1.070317     0.000200
2456228.254000     1.071019     0.000200
2456228.254700     1.071595     0.000200
2456228.255400     1.072680     0.000200
2456228.256100     1.072901     0.000200
2456228.256800     1.074285     0.000200
2456228.257500     1.074752     0.000200
2456228.258200     1.074865     0.000200
2456228.258900     1.075396     0.000200
2456228.259600     1.076497     0.000200
2456228.260300     1.077235     0.000200
2456228.261000     1.077593     0.000200
2456228.261700     1.078126     0.000200
2456228.262400     1.078831     0.000200
2456228.263100     1.078969     0.000200
2456228.263800     1.079623     0.000200
2456228.264500     1.080100     0.000200
2456228.265100     1.080355     0.000200
2456228.265800     1.080643     0.000200
2456228.266500     1.081383     0.000200
2456228.267200     1.082168     0.000200
2456228.267900     1.082950     0.000200
2456228.268600     1.083371     0.000200
2456228.269300     1.083668     0.000200
2456228.270000     1.084023     0.000200
2456228.270700     1.084567     0.000200
2456228.272100     1.085244     0.000200
2456228.272800     1.086683     0.000200
2456228.273500     1.086705     0.000200
2456228.274200     1.087307     0.000200
2456228.274900     1.087513     0.000200
2456228.275600     1.088305     0.000200
2456228.276300     1.088759     0.000200
2456228.277000     1.089460     0.000200
2456228.277700     1.089634     0.000200
2456228.278400     1.090090     0.000200
2456228.279100     1.090019     0.000200
2456228.279800     1.090222     0.000200
2456228.280500     1.090725     0.000200
2456228.281200     1.091188     0.000200
2456228.281900     1.091384     0.000200
2456228.282600     1.092032     0.000200
2456228.283300     1.092273     0.000200
2456228.284000     1.093033     0.000200
2456228.284700     1.092648     0.000200
2456228.285400     1.093311     0.000200
2456228.286100     1.093434     0.000200
2456228.288900     1.095171     0.000200
2456228.290300     1.095654     0.000200
2456228.291000     1.095973     0.000200
2456228.291700     1.095860     0.000200
2456228.292400     1.095984     0.000200
2456228.294500     1.097239     0.000200
2456228.295200     1.097256     0.000200
2456228.295900     1.096626     0.000200
2456228.296600     1.096667     0.000200
2456228.297300     1.096657     0.000200
2456228.298000     1.097308     0.000200
2456228.298700     1.097040     0.000200
2456228.299400     1.097304     0.000200
2456228.300100     1.097097     0.000200
2456228.303600     1.096828     0.000200
2456228.304300     1.096675     0.000200
2456228.305000     1.096753     0.000200
2456228.305700     1.097030     0.000200
2456228.306400     1.096360     0.000200
2456228.308500     1.096398     0.000200
2456228.309200     1.096713     0.000200
2456228.309900     1.096099     0.000200
2456228.310600     1.095773     0.000200
2456228.311300     1.095913     0.000200
2456228.312700     1.096003     0.000200
2456228.313400     1.095221     0.000200
2456228.314100     1.095678     0.000200
2456228.314800     1.095044     0.000200
2456228.315500     1.094609     0.000200
2456228.316200     1.094138     0.000200
2456228.316900     1.093575     0.000200
2456228.317600     1.093864     0.000200
2456228.318300     1.093134     0.000200
2456228.319000     1.092313     0.000200
2456228.320400     1.092299     0.000200
2456228.321100     1.091776     0.000200
2456228.321800     1.091580     0.000200
2456228.322500     1.091285     0.000200
2456228.323900     1.090759     0.000200
2456228.324600     1.090317     0.000200
2456228.325300     1.089631     0.000200
2456228.326000     1.089334     0.000200
2456228.326700     1.088889     0.000200
2456228.327400     1.088340     0.000200
2456228.328000     1.088305     0.000200
2456228.328700     1.087582     0.000200
2456228.329400     1.087198     0.000200
2456228.330100     1.087056     0.000200
2456228.330800     1.086769     0.000200
2456228.331500     1.086183     0.000200
2456228.332200     1.085294     0.000200
2456228.332900     1.084580     0.000200
2456228.333600     1.083812     0.000200
2456228.334300     1.083348     0.000200
2456228.335000     1.083110     0.000200
2456228.335700     1.081618     0.000200
2456228.336400     1.081614     0.000200
2456228.337100     1.081072     0.000200
2456228.337800     1.080214     0.000200
2456228.338500     1.080071     0.000200
2456228.339200     1.078925     0.000200
2456228.339900     1.078051     0.000200
2456228.340600     1.077719     0.000200
2456228.341300     1.077124     0.000200
2456228.342000     1.076146     0.000200
2456228.342700     1.076078     0.000200
2456228.343400     1.074999     0.000200
2456228.346200     1.072946     0.000200
2456228.346900     1.072401     0.000200
2456228.347600     1.071565     0.000200
2456228.348300     1.071500     0.000200
2456228.349000     1.070667     0.000200
2456228.349700     1.069110     0.000200
2456228.350400     1.069290     0.000200
2456228.351100     1.068493     0.000200
2456228.351800     1.067481     0.000200
2456228.352500     1.066500     0.000200
2456228.353200     1.066175     0.000200
2456228.353900     1.065011     0.000200
2456228.354600     1.063523     0.000200
2456228.362300     1.057291     0.000200
2456228.363000     1.056674     0.000200
2456228.363700     1.055380     0.000200
2456228.364400     1.054327     0.000200
2456228.365800     1.052921     0.000200
2456228.366500     1.052284     0.000200
2456228.367200     1.051166     0.000200
2456228.367900     1.051217     0.000200
2456228.368600     1.050052     0.000200
2456228.377000     1.042956     0.000200
2456228.377700     1.042057     0.000200
2456228.384000     1.035793     0.000200
2456228.384700     1.034780     0.000200
2456228.385400     1.033959     0.000200
2456228.386100     1.032892     0.000200
2456228.386800     1.032265     0.000200
2456228.387500     1.032160     0.000200
2456228.388200     1.030756     0.000200
2456228.388900     1.030602     0.000200
2456228.389600     1.028868     0.000200
2456228.390200     1.028621     0.000200
2456228.390900     1.028214     0.000200
2456228.391600     1.027077     0.000200
2456228.392300     1.026485     0.000200
2456228.393000     1.026309     0.000200
2456228.393700     1.025895     0.000200
2456228.394400     1.024986     0.000200
2456228.395100     1.024721     0.000200
2456228.397900     1.022369     0.000200
2456228.398600     1.022061     0.000200
2456228.399300     1.021083     0.000200
2456228.400000     1.020604     0.000200
2456228.400700     1.020033     0.000200
2456228.401400     1.019573     0.000200
2456228.402100     1.019280     0.000200
2456228.402800     1.018587     0.000200
2456228.403500     1.017852     0.000200
2456228.404200     1.017065     0.000200
2456228.404900     1.016409     0.000200
2456228.405600     1.016152     0.000200
2456228.406300     1.015194     0.000200
2456228.407000     1.015146     0.000200
2456228.407700     1.014187     0.000200
2456228.408400     1.013852     0.000200
2456228.409100     1.013021     0.000200
2456228.409800     1.011939     0.000200
2456228.410500     1.011213     0.000200
2456228.411200     1.011065     0.000200
2456228.411900     1.010850     0.000200
2456228.412600     1.010349     0.000200
2456228.413300     1.009611     0.000200
2456228.414000     1.009099     0.000200
2456228.414700     1.008873     0.000200
2456228.415400     1.008082     0.000200
2456228.416100     1.007839     0.000200
2456228.416800     1.007757     0.000200
2456228.417500     1.006984     0.000200
2456228.418200     1.006092     0.000200
2456228.418900     1.006421     0.000200
2456228.419600     1.005890     0.000200
2456228.420300     1.005683     0.000200
2456228.421000     1.005183     0.000200
2456228.421700     1.005330     0.000200
2456228.422400     1.004540     0.000200
2456228.432200     1.000200     0.000200
2456228.432900     1.000040     0.000200
2456228.433600     1.000564     0.000200
2456231.736500     1.001231     0.000200
2456231.737200     1.002396     0.000200
2456231.737900     1.002239     0.000200
2456231.738600     1.001744     0.000200
2456231.739300     1.002618     0.000200
2456231.740000     1.002121     0.000200
2456231.740700     1.002031     0.000200
2456231.741400     1.002530     0.000200
2456231.742100     1.002650     0.000200
2456231.742800     1.002902     0.000200
2456231.743500     1.003396     0.000200
2456231.744900     1.003604     0.000200
2456231.745600     1.004318     0.000200
2456231.746300     1.004278     0.000200
2456231.747000     1.004525     0.000200
2456231.747700     1.004805     0.000200
2456231.748400     1.004550     0.000200
2456231.749100     1.005465     0.000200
2456231.749800     1.005426     0.000200
2456231.750500     1.006378     0.000200
2456231.751200     1.006618     0.000200
2456231.751900     1.007170     0.000200
2456231.752600     1.007685     0.000200
2456231.753300     1.008535     0.000200
2456231.754000     1.009033     0.000200
2456231.754700     1.009311     0.000200
2456231.755400     1.009593     0.000200
2456231.756100     1.010054     0.000200
2456231.756800     1.010541     0.000200
2456231.757500     1.010681     0.000200
2456231.758200     1.010968     0.000200
2456231.758900     1.011656     0.000200
2456231.759600     1.012305     0.000200
2456231.760300     1.012876     0.000200
2456231.761000     1.013643     0.000200
2456231.761700     1.014640     0.000200
2456231.762400     1.014631     0.000200
2456231.763100     1.015636     0.000200
2456231.763800     1.016023     0.000200
2456231.764500     1.016594     0.000200
2456231.769400     1.020407     0.000200
2456231.770000     1.021326     0.000200
2456231.774200     1.025495     0.000200
2456231.774900     1.026766     0.000200
2456231.775600     1.027552     0.000200
2456231.776300     1.027715     0.000200
2456231.777000     1.028386     0.000200
2456231.777700     1.029835     0.000200
2456231.778400     1.030286     0.000200
2456231.779100     1.031351     0.000200
2456231.779800     1.031671     0.000200
2456231.780500     1.032135     0.000200
2456231.784700     1.037771     0.000200
2456231.785400     1.038150     0.000200
2456231.786100     1.039010     0.000200
2456231.786800     1.039857     0.000200
2456231.787500     1.040511     0.000200
2456231.788200     1.041461     0.000200
2456231.788900     1.041621     0.000200
2456231.789600     1.042333     0.000200
2456231.791000     1.043226     0.000200
2456231.791700     1.044464     0.000200
2456231.792400     1.045089     0.000200
2456231.793100     1.046644     0.000200
2456231.793800     1.046942     0.000200
2456231.794500     1.048120     0.000200
2456231.795200     1.049292     0.000200
2456231.795900     1.050269     0.000200
2456231.796600     1.050257     0.000200
2456231.797300     1.051197     0.000200
2456231.798000     1.051959     0.000200
2456231.798700     1.052312     0.000200
2456231.799400     1.052757     0.000200
2456231.810600     1.066221     0.000200
2456231.811300     1.066649     0.000200
2456231.812000     1.067708     0.000200
2456231.812700     1.067969     0.000200
2456231.813400     1.068109     0.000200
2456231.814100     1.069677     0.000200
2456231.814800     1.069741     0.000200
2456231.815500     1.070438     0.000200
2456231.816200     1.071622     0.000200
2456231.816900     1.072876     0.000200
2456231.817600     1.072656     0.000200
2456231.818300     1.073752     0.000200
2456231.819000     1.074082     0.000200
2456231.819700     1.074686     0.000200
2456231.820400     1.075338     0.000200
2456231.821100     1.075807     0.000200
2456231.821800     1.077083     0.000200
2456231.822500     1.077791     0.000200
2456231.823200     1.078772     0.000200
2456231.823900     1.079544     0.000200
2456231.824600     1.080269     0.000200
2456231.826000     1.081612     0.000200
2456231.826700     1.082372     0.000200
2456231.827400     1.082613     0.000200
2456231.828100     1.083459     0.000200
2456231.828800     1.084140     0.000200
2456231.829500     1.084775     0.000200
2456231.830200     1.086013     0.000200
2456231.830900     1.086485     0.000200
2456231.831600     1.087649     0.000200
2456231.832200     1.087783     0.000200
2456231.832900     1.088946     0.000200
2456231.837100     1.091318     0.000200
2456231.837800     1.092254     0.000200
2456231.838500     1.093195     0.000200
2456231.844100     1.097233     0.000200
2456231.844800     1.097951     0.000200
2456231.845500     1.098560     0.000200
2456231.846200     1.099094     0.000200
2456231.846900     1.099227     0.000200
2456231.856700     1.103626     0.000200
2456231.857400     1.103883     0.000200
2456231.858100     1.105019     0.000200
2456231.858800     1.104966     0.000200
2456231.859500     1.105677     0.000200
2456231.860200     1.105764     0.000200
2456231.860900     1.105980     0.000200
2456231.861600     1.106333     0.000200
2456231.862300     1.105961     0.000200
2456231.863700     1.106188     0.000200
2456231.864400     1.106472     0.000200
2456231.865100     1.106506     0.000200
2456231.865800     1.106803     0.000200
2456231.866500     1.106563     0.000200
2456231.867200     1.106570     0.000200
2456231.867900     1.106342     0.000200
2456231.868600     1.106852     0.000200
2456231.869300     1.106444     0.000200
2456231.870000     1.106335     0.000200
2456231.870700     1.106323     0.000200
2456231.871400     1.106096     0.000200
2456231.872800     1.106547     0.000200
2456231.873500     1.106173     0.000200
2456231.874200     1.106060     0.000200
2456231.874900     1.105849     0.000200
2456231.875600     1.106182     0.000200
2456231.876300     1.105701     0.000200
2456231.877000     1.105937     0.000200
2456231.880500     1.104831     0.000200
2456231.881900     1.104475     0.000200
2456231.882600     1.104178     0.000200
2456231.883300     1.103277     0.000200
2456231.884000     1.102603     0.000200
2456231.884700     1.102138     0.000200
2456231.885400     1.101880     0.000200
2456231.886800     1.100878     0.000200
2456231.887500     1.100834     0.000200
2456231.888200     1.100297     0.000200
2456231.889600     1.098606     0.000200
2456231.890300     1.098425     0.000200
2456231.891000     1.097674     0.000200
2456231.891700     1.097405     0.000200
2456231.892400     1.097229     0.000200
2456231.893100     1.096498     0.000200
2456231.893800     1.096239     0.000200
2456231.894400     1.095715     0.000200
2456231.895100     1.095315     0.000200
2456231.896500     1.094205     0.000200
2456231.897200     1.093512     0.000200
2456231.897900     1.093133     0.000200
2456231.898600     1.092786     0.000200
2456231.899300     1.092024     0.000200
2456231.900000     1.091650     0.000200
2456231.900700     1.090909     0.000200
2456231.901400     1.090757     0.000200
2456231.902100     1.089618     0.000200
2456231.902800     1.089053     0.000200
2456231.903500     1.089065     0.000200
2456231.904200     1.087640     0.000200
2456231.904900     1.087369     0.000200
2456231.905600     1.086182     0.000200
2456231.906300     1.086597     0.000200
2456231.907000     1.086019     0.000200
2456231.907700     1.085030     0.000200
2456231.908400     1.084268     0.000200
2456231.911200     1.081476     0.000200
2456231.914000     1.078340     0.000200
2456231.915400     1.076263     0.000200
2456231.916100     1.076054     0.000200
2456231.916800     1.075901     0.000200
2456231.917500     1.075503     0.000200
2456231.920300     1.072749     0.000200
2456231.928000     1.064522     0.000200
2456231.928700     1.063143     0.000200
2456231.929400     1.062694     0.000200
2456231.930100     1.061875     0.000200
2456231.930800     1.060830     0.000200
2456231.931500     1.060489     0.000200
2456231.932200     1.059115     0.000200
2456231.932900     1.058668     0.000200
2456231.933600     1.058389     0.000200
2456231.934300     1.056965     0.000200
2456231.935000     1.057267     0.000200
2456231.935700     1.055280     0.000200
2456231.936400     1.055003     0.000200
2456231.937100     1.053022     0.000200
2456231.937800     1.052650     0.000200
2456231.938500     1.052284     0.000200
2456231.939200     1.050668     0.000200
2456231.939900     1.049967     0.000200
2456231.940600     1.049077     0.000200
2456231.941300     1.049036     0.000200
2456231.942000     1.047999     0.000200
2456231.942700     1.047224     0.000200
2456231.943400     1.046797     0.000200
2456231.944100     1.045912     0.000200
2456231.944800     1.045139     0.000200
2456231.945500     1.044805     0.000200
2456231.946200     1.043481     0.000200
2456231.946900     1.043112     0.000200
2456231.947600     1.042489     0.000200
2456231.948300     1.041729     0.000200
2456231.949000     1.040983     0.000200
2456231.949700     1.039753     0.000200
2456231.950400     1.039646     0.000200
2456231.951100     1.038441     0.000200
2456231.951800     1.038010     0.000200
2456231.952500     1.037130     0.000200
2456231.953200     1.035978     0.000200
2456231.953900     1.035385     0.000200
2456231.954600     1.034238     0.000200
2456231.955300     1.033678     0.000200
2456231.956000     1.032611     0.000200
2456231.956700     1.032303     0.000200
2456231.957300     1.030982     0.000200
2456231.958000     1.030662     0.000200
2456231.958700     1.029869     0.000200
2456231.959400     1.029396     0.000200
2456231.960100     1.028070     0.000200
2456231.960800     1.027185     0.000200
2456231.961500     1.026731     0.000200
2456231.962200     1.026059     0.000200
2456231.962900     1.025487     0.000200
2456231.963600     1.024310     0.000200
2456231.964300     1.023975     0.000200
2456231.965000     1.023747     0.000200
2456231.965700     1.022698     0.000200
2456231.966400     1.021202     0.000200
2456231.967100     1.021325     0.000200
2456231.967800     1.020744     0.000200
2456231.968500     1.020010     0.000200
2456231.969200     1.019408     0.000200
2456231.971300     1.017117     0.000200
2456231.972000     1.016926     0.000200
2456231.972700     1.016032     0.000200
2456231.973400     1.015413     0.000200
2456231.974100     1.015350     0.000200
2456231.974800     1.014468     0.000200
2456231.975500     1.013264     0.000200
2456231.976200     1.014005     0.000200
2456231.979000     1.010740     0.000200
2456231.979700     1.010052     0.000200
2456231.980400     1.009751     0.000200
2456231.981100     1.009830     0.000200
2456231.985300     1.007123     0.000200
2456231.986000     1.006967     0.000200
2456231.987400     1.005013     0.000200
2456231.988100     1.005159     0.000200
2456231.988800     1.004530     0.000200
2456231.989500     1.004542     0.000200
2456231.990200     1.004296     0.000200
2456231.990900     1.003981     0.000200
2456231.991600     1.004045     0.000200
2456231.993000     1.003522     0.000200
2456231.994400     1.001966     0.000200
2456231.995100     1.001621     0.000200
2456231.995800     1.001880     0.000200
2456231.996500     1.001605     0.000200
2456231.997200     1.001606     0.000200
2456231.997900     1.000890     0.000200
2456231.998600     1.001062     0.000200
2456231.999300     1.000807     0.000200
2456232.000700     1.000303     0.000200
2456235.313400     1.000614     0.000200
2456235.314100     1.000656     0.000200
2456235.314800     1.000570     0.000200
2456235.315500     1.000252     0.000200
2456235.316200     1.000062     0.000200
2456235.316900     1.000387     0.000200
2456235.317600     1.000458     0.000200
2456235.318300     1.001187     0.000200
2456235.319000     1.001533     0.000200
2456235.319700     1.001462     0.000200
2456235.320400     1.001542     0.000200
2456235.321100     1.001925     0.000200
2456235.321800     1.002702     0.000200
2456235.322500     1.002811     0.000200
2456235.323200     1.003282     0.000200
2456235.323800     1.004170     0.000200
2456235.324500     1.004304     0.000200
2456235.325200     1.004861     0.000200
2456235.325900     1.004845     0.000200
2456235.326600     1.005323     0.000200
2456235.327300     1.005559     0.000200
2456235.328700     1.005730     0.000200
2456235.330100     1.006602     0.000200
2456235.334300     1.008472     0.000200
2456235.335700     1.009835     0.000200
2456235.336400     1.011273     0.000200
2456235.337100     1.011799     0.000200
2456235.337800     1.012519     0.000200
2456235.342700     1.016116     0.000200
2456235.343400     1.016660     0.000200
2456235.344100     1.017511     0.000200
2456235.344800     1.017916     0.000200
2456235.345500     1.018904     0.000200
2456235.350400     1.022894     0.000200
2456235.351100     1.024032     0.000200
2456235.351800     1.024480     0.000200
2456235.352500     1.025405     0.000200
2456235.353200     1.025483     0.000200
2456235.353900     1.026814     0.000200
2456235.354600     1.026956     0.000200
2456235.355300     1.028101     0.000200
2456235.356000     1.028449     0.000200
2456235.356700     1.029194     0.000200
2456235.357400     1.029557     0.000200
2456235.358100     1.030633     0.000200
2456235.358800     1.031451     0.000200
2456235.359500     1.032268     0.000200
2456235.360200     1.032834     0.000200
2456235.360900     1.033065     0.000200
2456235.361600     1.033503     0.000200
2456235.362300     1.034914     0.000200
2456235.363000     1.035270     0.000200
2456235.365800     1.038219     0.000200
2456235.366500     1.038707     0.000200
2456235.367200     1.039632     0.000200
2456235.367900     1.040340     0.000200
2456235.368600     1.040682     0.000200
2456235.369300     1.042086     0.000200
2456235.370000     1.042882     0.000200
2456235.370700     1.043400     0.000200
2456235.371400     1.043891     0.000200
2456235.372100     1.045255     0.000200
2456235.372800     1.046034     0.000200
2456235.373500     1.046966     0.000200
2456235.374200     1.047419     0.000200
2456235.374900     1.047793     0.000200
2456235.375600     1.049181     0.000200
2456235.376300     1.049125     0.000200
2456235.377000     1.049810     0.000200
2456235.377700     1.050905     0.000200
2456235.378400     1.051167     0.000200
2456235.379100     1.051523     0.000200
2456235.379800     1.051940     0.000200
2456235.380500     1.052989     0.000200
2456235.381200     1.053886     0.000200
2456235.381900     1.054565     0.000200
2456235.382600     1.055580     0.000200
2456235.383300     1.056116     0.000200
2456235.384000     1.056438     0.000200
2456235.384700     1.056952     0.000200
2456235.385400     1.057741     0.000200
2456235.386000     1.057764     0.000200
2456235.386700     1.058934     0.000200
2456235.387400     1.059989     0.000200
2456235.388100     1.060101     0.000200
2456235.388800     1.061208     0.000200
2456235.389500     1.061293     0.000200
2456235.390200     1.062639     0.000200
2456235.390900     1.063492     0.000200
2456235.391600     1.064576     0.000200
2456235.392300     1.065464     0.000200
2456235.393000     1.066091     0.000200
2456235.393700     1.066692     0.000200
2456235.394400     1.067587     0.000200
2456235.395100     1.067785     0.000200
2456235.395800     1.068642     0.000200
2456235.407700     1.079546     0.000200
2456235.408400     1.080645     0.000200
2456235.409100     1.080809     0.000200
2456235.410500     1.082212     0.000200
2456235.416800     1.087029     0.000200
2456235.421000     1.089613     0.000200
2456235.421700     1.089923     0.000200
2456235.423100     1.090676     0.000200
2456235.423800     1.091361     0.000200
2456235.424500     1.092124     0.000200
2456235.425200     1.092030     0.000200
2456235.425900     1.092679     0.000200
2456235.426600     1.092977     0.000200
2456235.427300     1.093152     0.000200
2456235.428000     1.093196     0.000200
2456235.428700     1.093962     0.000200
2456235.429400     1.094175     0.000200
2456235.430100     1.094616     0.000200
2456235.430800     1.094158     0.000200
2456235.431500     1.095142     0.000200
2456235.432200     1.095061     0.000200
2456235.432900     1.095658     0.000200
2456235.433600     1.095344     0.000200
2456235.435700     1.095988     0.000200
2456235.436400     1.095612     0.000200
2456235.437100     1.096022     0.000200
2456235.437800     1.096217     0.000200
2456235.438500     1.096598     0.000200
2456235.439900     1.097146     0.000200
2456235.440600     1.097017     0.000200
2456235.441300     1.097343     0.000200
2456235.442000     1.097201     0.000200
2456235.442700     1.097053     0.000200
2456235.443400     1.097225     0.000200
2456235.444100     1.097703     0.000200
2456235.444800     1.097959     0.000200
2456235.445500     1.097548     0.000200
2456235.446900     1.097314     0.000200
2456235.447600     1.097192     0.000200
2456235.448300     1.097292     0.000200
2456235.448900     1.097278     0.000200
2456235.449600     1.096775     0.000200
2456235.450300     1.096242     0.000200
2456235.452400     1.095834     0.000200
2456235.453100     1.095725     0.000200
2456235.453800     1.095722     0.000200
2456235.454500     1.095651     0.000200
2456235.455900     1.095019     0.000200
2456235.456600     1.094752     0.000200
2456235.457300     1.094306     0.000200
2456235.459400     1.093446     0.000200
2456235.460100     1.093857     0.000200
2456235.460800     1.093162     0.000200
2456235.461500     1.093379     0.000200
2456235.462200     1.093681     0.000200
2456235.462900     1.092581     0.000200
2456235.463600     1.093015     0.000200
2456235.464300     1.091876     0.000200
2456235.465000     1.092015     0.000200
2456235.465700     1.090961     0.000200
2456235.466400     1.091408     0.000200
2456235.467100     1.090527     0.000200
2456235.467800     1.090323     0.000200
2456235.468500     1.089040     0.000200
2456235.469200     1.088363     0.000200
2456235.473400     1.086017     0.000200
2456235.475500     1.085269     0.000200
2456235.476900     1.084278     0.000200
2456235.477600     1.083753     0.000200
2456235.478300     1.083077     0.000200
2456235.479000     1.082801     0.000200
2456235.480400     1.081136     0.000200
2456235.483200     1.078021     0.000200
2456235.483900     1.077626     0.000200
2456235.484600     1.077296     0.000200
2456235.488800     1.075107     0.000200
2456235.489500     1.074140     0.000200
2456235.491600     1.071933     0.000200
2456235.493700     1.069846     0.000200
2456235.494400     1.069108     0.000200
2456235.495100     1.068489     0.000200
2456235.495800     1.067403     0.000200
2456235.496500     1.066875     0.000200
2456235.497200     1.066281     0.000200
2456235.497900     1.065959     0.000200
2456235.498600     1.064839     0.000200
2456235.499300     1.064020     0.000200
2456235.500000     1.063873     0.000200
2456235.500700     1.063122     0.000200
2456235.501400     1.062184     0.000200
2456235.502100     1.061171     0.000200
2456235.502800     1.060548     0.000200
2456235.503500     1.060238     0.000200
2456235.504200     1.059466     0.000200
2456235.504900     1.057841     0.000200
2456235.505600     1.057083     0.000200
2456235.506300     1.056348     0.000200
2456235.507000     1.056252     0.000200
2456235.507700     1.055499     0.000200
2456235.508400     1.054770     0.000200
2456235.509100     1.053790     0.000200
2456235.509800     1.053239     0.000200
2456235.510500     1.052368     0.000200
2456235.511100     1.051363     0.000200
2456235.511800     1.050571     0.000200
2456235.512500     1.050301     0.000200
2456235.513200     1.049743     0.000200
2456235.513900     1.049177     0.000200
2456235.514600     1.048302     0.000200
2456235.515300     1.047549     0.000200
2456235.517400     1.045417     0.000200
2456235.518100     1.044639     0.000200
2456235.518800     1.044387     0.000200
2456235.519500     1.043670     0.000200
2456235.520200     1.042121     0.000200
2456235.520900     1.041428     0.000200
2456235.521600     1.040828     0.000200
2456235.522300     1.039697     0.000200
2456235.529300     1.033040     0.000200
2456235.530700     1.032124     0.000200
2456235.531400     1.032065     0.000200
2456235.532100     1.031355     0.000200
2456235.532800     1.030694     0.000200
2456235.533500     1.029326     0.000200
2456235.534200     1.029073     0.000200
2456235.534900     1.028270     0.000200
2456235.535600     1.027445     0.000200
2456235.536300     1.026889     0.000200
2456235.537000     1.026156     0.000200
2456235.537700     1.025904     0.000200
2456235.538400     1.024600     0.000200
2456235.539100     1.023921     0.000200
2456235.540500     1.022935     0.000200
2456235.541200     1.022873     0.000200
2456235.541900     1.021520     0.000200
2456235.542600     1.020732     0.000200
2456235.543300     1.020011     0.000200
2456235.545400     1.018030     0.000200
2456235.546100     1.018020     0.000200
2456235.546800     1.017443     0.000200
2456235.547500     1.016368     0.000200
2456235.548200     1.016052     0.000200
2456235.548900     1.015362     0.000200
2456235.549600     1.014797     0.000200
2456235.550300     1.014324     0.000200
2456235.551000     1.013769     0.000200
2456235.551700     1.013211     0.000200
2456235.552400     1.012907     0.000200
2456235.553100     1.012566     0.000200
2456235.553800     1.011547     0.000200
2456235.554500     1.010962     0.000200
2456235.560100     1.007061     0.000200
2456235.560800     1.006852     0.000200
2456235.561500     1.006444     0.000200
2456235.562200     1.005696     0.000200
2456235.562900     1.005667     0.000200
2456235.563600     1.005420     0.000200
2456235.564300     1.004658     0.000200
2456235.565000     1.004621     0.000200
2456235.565700     1.004162     0.000200
2456235.566400     1.003918     0.000200
2456235.567100     1.003531     0.000200
2456235.567800     1.003824     0.000200
2456235.568500     1.003055     0.000200
2456235.569200     1.003053     0.000200
2456235.569900     1.003040     0.000200
2456235.571300     1.002683     0.000200
2456235.572000     1.001815     0.000200
2456235.572700     1.001211     0.000200
2456235.573300     1.001520     0.000200
2456235.574000     1.001442     0.000200
2456235.576800     1.000222     0.000200
2456235.577500     1.000192     0.000200
