# topocentric ephemeris for astrometry
# JD [TDB] & d [au] & alpha_j2000 [deg] & delta_j2000 [deg] & Besselian year [UTC] & dataset
2458362.50080072	4.49728027566471	312.523394254167	-27.743553658333	2018.666974	-
2458363.50080072	4.50491315328738	312.417624304167	-27.751956927778	2018.669712	-
2458364.50080072	4.51280168748812	312.313923787500	-27.759329086111	2018.672450	-
2458365.50080072	4.52095031179641	312.212454233333	-27.765562955556	2018.675188	-
2458366.50080072	4.52935532882140	312.113416025000	-27.770542986111	2018.677926	-
2458367.50080072	4.53800551849774	312.017002050000	-27.774207033333	2018.680663	-
2458368.50080072	4.54688614926552	311.923353679167	-27.776583600000	2018.683401	-
2458369.50080072	4.55598426591651	311.832532583333	-27.777783088889	2018.686139	-
2458370.50080072	4.56529266662994	311.744517600000	-27.777946194444	2018.688877	-
2458371.50080072	4.57481082396907	311.659231183333	-27.777174791667	2018.691615	-
2458372.50080072	4.58454262298721	311.576589600000	-27.775481316667	2018.694353	-
2458373.50080072	4.59449246616820	311.496559245833	-27.772782438889	2018.697091	-
2458374.50080072	4.60466180326347	311.419197420833	-27.768939997222	2018.699829	-
2458375.50080072	4.61504749479876	311.344657000000	-27.763830561111	2018.702567	-
2458376.50080072	4.62564237475574	311.273145970833	-27.757409755556	2018.705305	-
2458377.50080072	4.63643720406357	311.204857812500	-27.749738150000	2018.708043	-
2458378.50080072	4.64742267991932	311.139902245833	-27.740956602778	2018.710780	-
2458379.50080072	4.65859069327798	311.078270487500	-27.731222813889	2018.713518	-
2458380.50080072	4.66993477370095	311.019852970833	-27.720640227778	2018.716256	-
2458381.50080072	4.68145020569541	310.964501591667	-27.709213966667	2018.718994	-
2458382.50080072	4.69313427808593	310.912107041667	-27.696853452778	2018.721732	-
2458383.50080072	4.70498652915447	310.862657137500	-27.683420275000	2018.724470	-
2458384.50080072	4.71700830224757	310.816249412500	-27.668799547222	2018.727208	-
2458385.50080072	4.72920115070736	310.773053341667	-27.652959352778	2018.729946	-
2458386.50080072	4.74156435850925	310.733243279167	-27.635969330556	2018.732684	-
2458387.50080072	4.75409269591632	310.696933704167	-27.617969722222	2018.735422	-
2458388.50080072	4.76677590102031	310.664144829167	-27.599106572222	2018.738160	-
2458389.50080072	4.77960065597318	310.634809195833	-27.579466361111	2018.740897	-
2458390.50080072	4.79255450132267	310.608809787500	-27.559041894444	2018.743635	-
2458391.50080072	4.80563001628803	310.586030912500	-27.537744358333	2018.746373	-
2458392.50080072	4.81882706801254	310.566403662500	-27.515455288889	2018.749111	-
2458393.50080072	4.83215160791282	310.549931162500	-27.492091244444	2018.751849	-
2458394.50080072	4.84561133785169	310.536688366667	-27.467647375000	2018.754587	-
2458395.50080072	4.85921018548417	310.526798883333	-27.442198836111	2018.757325	-
2458396.50080072	4.87294429615833	310.520395250000	-27.415861175000	2018.760063	-
2458397.50080072	4.88680160645531	310.517574475000	-27.388733213889	2018.762801	-
2458398.50080072	4.90076515129754	310.518362666667	-27.360854066667	2018.765539	-
2458399.50080072	4.91481856291673	310.522701112500	-27.332195377778	2018.768277	-
2458400.50080072	4.92895130527202	310.530463608333	-27.302690122222	2018.771014	-
2458401.50080072	4.94316121580073	310.541503716667	-27.272279588889	2018.773752	-
2458402.50080072	4.95745327313584	310.555714633333	-27.240950158333	2018.776490	-
2458403.50080072	4.97183532921292	310.573076112500	-27.208739894444	2018.779228	-
2458404.50080072	4.98631271817518	310.593665145833	-27.175713975000	2018.781966	-
2458405.50080072	5.00088409617552	310.617621345833	-27.141926597222	2018.784704	-
2458406.50080072	5.01554019780406	310.645081720833	-27.107394194444	2018.787442	-
2458407.50080072	5.03026577444279	310.676113737500	-27.072096072222	2018.790180	-
2458408.50080072	5.04504398842874	310.710677216667	-27.036000155556	2018.792918	-
2458409.50080072	5.05986152762699	310.748634920833	-26.999096691667	2018.795656	-
2458410.50080072	5.07471231044281	310.789806920833	-26.961415963889	2018.798394	-
2458411.50080072	5.08959827009734	310.834041437500	-26.923017769444	2018.801131	-
2458412.50080072	5.10452683764630	310.881269441667	-26.883958408333	2018.803869	-
2458413.50080072	5.11950605295874	310.931519100000	-26.844256255556	2018.806607	-
2458414.50080072	5.13453939909626	310.984887591667	-26.803878808333	2018.809345	-
2458415.50080072	5.14962250505938	311.041488166667	-26.762761066667	2018.812083	-
2458416.50080072	5.16474317395963	311.101395879167	-26.720846961111	2018.814821	-
2458417.50080072	5.17988497755155	311.164613254167	-26.678130413889	2018.817559	-
2458418.50080072	5.19503287577953	311.231066912500	-26.634670397222	2018.820297	-
2458419.50080072	5.21017820968003	311.300631350000	-26.590569072222	2018.823035	-
2458420.50080072	5.22532073502902	311.373167904167	-26.545922902778	2018.825773	-
2458421.50080072	5.24046670057453	311.448565066667	-26.500773125000	2018.828511	-
2458422.50080072	5.25562402040010	311.526767695833	-26.455083594444	2018.831248	-
2458423.50080072	5.27079700746554	311.607788387500	-26.408758502778	2018.833986	-
2458424.50080072	5.28598304801709	311.691697975000	-26.361692197222	2018.836724	-
2458425.50080072	5.30117261934192	311.778594420833	-26.313826922222	2018.839462	-
2458426.50080072	5.31635240414982	311.868557579167	-26.265187844444	2018.842200	-
2458427.50080072	5.33150963855936	311.961605829167	-26.215876536111	2018.844938	-
2458428.50080072	5.34663552121971	312.057672616667	-26.166025727778	2018.847676	-
2458429.50080072	5.36172631622965	312.156617029167	-26.115737336111	2018.850414	-
2458430.50080072	5.37678213389191	312.258267983333	-26.065035594444	2018.853152	-
2458431.50080072	5.39180459609770	312.362484287500	-26.013858144444	2018.855890	-
2458432.50080073	5.40679475787129	312.469204762500	-25.962088788889	2018.858628	-
2458433.50080073	5.42175196261673	312.578464387500	-25.909616805556	2018.861365	-
2458434.50080073	5.43667355508116	312.690365691667	-25.856394050000	2018.864103	-
2458435.50080073	5.45155493307109	312.805018258333	-25.802461275000	2018.866841	-
2458436.50080073	5.46638954409731	312.922474845833	-25.747931322222	2018.869579	-
2458437.50080073	5.48116904547717	313.042694129167	-25.692937280556	2018.872317	-
2458438.50080073	5.49588418303910	313.165547229167	-25.637571313889	2018.875055	-
2458439.50080073	5.51052663077520	313.290861929167	-25.581844472222	2018.877793	-
2458440.50080073	5.52509136493391	313.418481825000	-25.525685733333	2018.880531	-
2458441.50080073	5.53957836080714	313.548314816667	-25.468980786111	2018.883269	-
2458442.50080073	5.55399221754202	313.680350845833	-25.411631741667	2018.886007	-
2458443.50080073	5.56833930932825	313.814644904167	-25.353607172222	2018.888745	-
2458444.50080073	5.58262349380451	313.951277620833	-25.294957500000	2018.891482	-
2458445.50080073	5.59684242325374	314.090311412500	-25.235789052778	2018.894220	-
2458446.50080073	5.61098657744763	314.231758400000	-25.176210866667	2018.896958	-
2458447.50080073	5.62504177953706	314.375568966667	-25.116283055556	2018.899696	-
2458448.50080073	5.63899415424258	314.521640133333	-25.055992547222	2018.902434	-
2458449.50080073	5.65283531296221	314.669839837500	-24.995266911111	2018.905172	-
2458450.50080073	5.66656516894698	314.820041687500	-24.934018138889	2018.907910	-
2458451.50080073	5.68019083250588	314.972160004167	-24.872191580556	2018.910648	-
2458452.50080073	5.69372210518270	315.126173591667	-24.809793222222	2018.913386	-
2458453.50080073	5.70716571639316	315.282127733333	-24.746882063889	2018.916124	-
2458454.50080073	5.72052101167617	315.440109108333	-24.683534275000	2018.918862	-
2458455.50080073	5.73377904797891	315.600200658333	-24.619801747222	2018.921599	-
2458456.50080073	5.74692522278636	315.762433391667	-24.555689041667	2018.924337	-
2458457.50080073	5.75994416623309	315.926755562500	-24.491160047222	2018.927075	-
2458458.50080073	5.77282485301437	316.093036241667	-24.426168305556	2018.929813	-
2458459.50080073	5.78556379390813	316.261105725000	-24.360691069444	2018.932551	-
2458460.50080073	5.79816509516811	316.430815362500	-24.294745511111	2018.935289	-
2458461.50080073	5.81063751055210	316.602089362500	-24.228377638889	2018.938027	-
2458462.50080073	5.82298966976473	316.774943320833	-24.161632036111	2018.940765	-
2458463.50080073	5.83522544674467	316.949460225000	-24.094522811111	2018.943503	-
2458464.50080073	5.84734127482638	317.125737362500	-24.027025052778	2018.946241	-
2458465.50080073	5.85932638896606	317.303829216667	-23.959092758333	2018.948979	-
2458466.50080073	5.87116608919659	317.483711637500	-23.890692844444	2018.951716	-
2458467.50080073	5.88284687237764	317.665282491667	-23.821833672222	2018.954454	-
2458468.50080073	5.89436124213591	317.848395170833	-23.752569044444	2018.957192	-
2458469.50080073	5.90571010212704	318.032906650000	-23.682973408333	2018.959930	-
2458470.50080074	5.91690152542683	318.218719145833	-23.613101444444	2018.962668	-
2458471.50080074	5.92794629580492	318.405799891667	-23.542955875000	2018.965406	-
2458472.50080074	5.93885227918651	318.594175566667	-23.472483213889	2018.968144	-
2458473.50080074	5.94962014637670	318.783908441667	-23.401601308333	2018.970882	-
2458474.50080074	5.96024239138631	318.975063445833	-23.330245558333	2018.973620	-
2458475.50080074	5.97070617685958	319.167675954167	-23.258408644444	2018.976358	-
2458476.50080074	5.98099853730502	319.361729758333	-23.186150775000	2018.979096	-
2458477.50080074	5.99111129460701	319.557151250000	-23.113573850000	2018.981833	-
2458478.50080074	6.00104341327604	319.753823108333	-23.040772105556	2018.984571	-
2458479.50080074	6.01079987953977	319.951615816667	-22.967785188889	2018.987309	-
2458480.50080074	6.02038807517360	320.150427287500	-22.894578486111	2018.990047	-
2458481.50080074	6.02981370354870	320.350216350000	-22.821060547222	2018.992785	-
2458482.50080074	6.03907807851906	320.551014962500	-22.747129819444	2018.995523	-
2458483.50080074	6.04817767749442	320.752908812500	-22.672728136111	2018.998261	-
2458484.50080074	6.05710564917806	320.955990970833	-22.597873136111	2019.000999	-
2458485.50080074	6.06585405197869	321.160308625000	-22.522653063889	2019.003737	-
2458486.50080074	6.07441572637183	321.365827508333	-22.447186388889	2019.006475	-
2458487.50080074	6.08278537719954	321.572432979167	-22.371566230556	2019.009213	-
2458488.50080074	6.09096004580792	321.779968012500	-22.295818008333	2019.011950	-
2458489.50080074	6.09893940037978	321.988289516667	-22.219890488889	2019.014688	-
2458490.50080074	6.10672587370701	322.197317770833	-22.143683947222	2019.017426	-
2458491.50080074	6.11432409348328	322.407056504167	-22.067102583333	2019.020164	-
2458492.50080074	6.12173915807418	322.617574683333	-21.990104886111	2019.022902	-
2458493.50080074	6.12897400031704	322.828961187500	-21.912726422222	2019.025640	-
2458494.50080074	6.13602689965867	323.041274712500	-21.835064002778	2019.028378	-
2458495.50080074	6.14289067809850	323.254510825000	-21.757229222222	2019.031116	-
2458496.50080074	6.14955453380415	323.468598350000	-21.679295880556	2019.033854	-
2458497.50080074	6.15600804577436	323.683421395833	-21.601268200000	2019.036592	-
2458498.50080074	6.16224569171472	323.898854508333	-21.523084700000	2019.039330	-
2458499.50080075	6.16826959473783	324.114797712500	-21.444655330556	2019.042067	-
2458500.50080075	6.17408875831494	324.331200187500	-21.365912113889	2019.044805	-
2458501.50080075	6.17971490602677	324.548066883333	-21.286845811111	2019.047543	-
2458502.50080075	6.18515680818203	324.765448150000	-21.207510041667	2019.050281	-
2458503.50080075	6.19041582647787	324.983414958333	-21.127991913889	2019.053019	-
2458504.50080075	6.19548491830666	325.202026004167	-21.048366552778	2019.055757	-
2458505.50080075	6.20035148711642	325.421296795833	-20.968661541667	2019.058495	-
2458506.50080075	6.20500264534462	325.641181133333	-20.888849588889	2019.061233	-
2458507.50080075	6.20943054019659	325.861575133333	-20.808872011111	2019.063971	-
2458508.50080075	6.21363531346609	326.082347258333	-20.728678369444	2019.066709	-
2458509.50080075	6.21762445646653	326.303384120833	-20.648258311111	2019.069447	-
2458510.50080075	6.22140911693375	326.524632545833	-20.567647441667	2019.072184	-
2458511.50080075	6.22499905215683	326.746117425000	-20.486905286111	2019.074922	-
2458512.50080075	6.22839838266940	326.967924050000	-20.406080191667	2019.077660	-
2458513.50080075	6.23160377452881	327.190151791667	-20.325183472222	2019.080398	-
2458514.50080075	6.23460550190380	327.412860187500	-20.244188241667	2019.083136	-
2458515.50080075	6.23739095010723	327.636031516667	-20.163053172222	2019.085874	-
2458516.50080075	6.23994935428295	327.859568616667	-20.081756219444	2019.088612	-
2458517.50080075	6.24227591321721	328.083329100000	-20.000316486111	2019.091350	-
2458518.50080075	6.24437364244604	328.307178220833	-19.918789733333	2019.094088	-
2458519.50080075	6.24625211551071	328.531035404167	-19.837239547222	2019.096826	-
2458520.50080075	6.24792340499738	328.754893716667	-19.755701550000	2019.099564	-
2458521.50080075	6.24939687798517	328.978806675000	-19.674163094444	2019.102302	-
2458522.50080075	6.25067501969984	329.202852895833	-19.592571286111	2019.105039	-
2458523.50080075	6.25175209249746	329.427095241667	-19.510866311111	2019.107777	-
2458524.50080075	6.25261649384979	329.651550008333	-19.429021877778	2019.110515	-
2458525.50080075	6.25325591510475	329.876176191667	-19.347068869444	2019.113253	-
2458526.50080075	6.25366288459361	330.100885158333	-19.265087305556	2019.115991	-
2458527.50080075	6.25383810626400	330.325564904167	-19.183169572222	2019.118729	-
2458528.50080075	6.25378997656838	330.550111066667	-19.101374355556	2019.121467	-
2458529.50080075	6.25353061731857	330.774455354167	-19.019697200000	2019.124205	-
2458530.50080075	6.25307055722359	330.998583683333	-18.938073955556	2019.126943	-
2458531.50080075	6.25241454498557	331.222538058333	-18.856416072222	2019.129681	-
2458532.50080075	6.25156026134283	331.446397816667	-18.774660575000	2019.132419	-
2458533.50080075	6.25050026140281	331.670243245833	-18.692808175000	2019.135156	-
2458534.50080075	6.24922577740876	331.894114654167	-18.610928786111	2019.137894	-
2458535.50080076	6.24773038283135	332.117984004167	-18.529131302778	2019.140632	-
2458536.50080076	6.24601202168054	332.341754541667	-18.447512447222	2019.143370	-
2458537.50080076	6.24407296314786	332.565292104167	-18.366111444444	2019.146108	-
2458538.50080076	6.24191836127029	332.788475270833	-18.284893683333	2019.148846	-
2458539.50080076	6.23955444005698	333.011242412500	-18.203771330556	2019.151584	-
2458540.50080076	6.23698686948153	333.233613129167	-18.122651436111	2019.154322	-
2458541.50080076	6.23421946405018	333.455671670833	-18.041487450000	2019.157060	-
2458542.50080076	6.23125316933600	333.677520054167	-17.960307177778	2019.159798	-
2458543.50080076	6.22808542757580	333.899223720833	-17.879203211111	2019.162536	-
2458544.50080076	6.22471042023462	334.120775237500	-17.798290538889	2019.165273	-
2458545.50080076	6.22112069645947	334.342092308333	-17.717653272222	2019.168011	-
2458546.50080076	6.21731002765155	334.563047912500	-17.637308091667	2019.170749	-
2458547.50080076	6.21327657805858	334.783515925000	-17.557201983333	2019.173487	-
2458548.50080076	6.20902483478172	335.003412525000	-17.477245391667	2019.176225	-
2458549.50080076	6.20456481540910	335.222716970833	-17.397364147222	2019.178963	-
2458550.50080076	6.19990841327051	335.441465866667	-17.317542325000	2019.181701	-
2458551.50080076	6.19506437106316	335.659727562500	-17.237833636111	2019.184439	-
2458552.50080076	6.19003429979001	335.877568425000	-17.158335936111	2019.187177	-
2458553.50080076	6.18481195453910	336.095022837500	-17.079143286111	2019.189915	-
2458554.50080076	6.17938628963872	336.312075637500	-17.000302341667	2019.192653	-
2458555.50080076	6.17374687896977	336.528659862500	-16.921795855556	2019.195390	-
2458556.50080076	6.16788924623338	336.744670679167	-16.843560725000	2019.198128	-
2458557.50080076	6.16181754306879	336.959994212500	-16.765530277778	2019.200866	-
2458558.50080076	6.15554323377640	337.174543475000	-16.687676363889	2019.203604	-
2458559.50080076	6.14908053336980	337.388288491667	-16.610027547222	2019.206342	-
2458560.50080076	6.14244077545528	337.601267045833	-16.532654077778	2019.209080	-
2458561.50080076	6.13562827220695	337.813567108333	-16.455629630556	2019.211818	-
2458562.50080076	6.12863937901678	338.025285250000	-16.378993244444	2019.214556	-
2458563.50080076	6.12146479100589	338.236477833333	-16.302733827778	2019.217294	-
2458564.50080076	6.11409388880598	338.447126129167	-16.226804977778	2019.220032	-
2458565.50080076	6.10651942966840	338.657133883333	-16.151161133333	2019.222770	-
2458566.50080076	6.09874071784092	338.866361304167	-16.075792291667	2019.225507	-
2458567.50080076	6.09076419418400	339.074679912500	-16.000736125000	2019.228245	-
2458568.50080076	6.08260132533726	339.282022433333	-15.926060161111	2019.230983	-
2458569.50080076	6.07426453318873	339.488403795833	-15.851824966667	2019.233721	-
2458570.50080076	6.06576269551386	339.693903495833	-15.778051311111	2019.236459	-
2458571.50080076	6.05709793290252	339.898620300000	-15.704711591667	2019.239197	-
2458572.50080076	6.04826492067247	340.102621079167	-15.631751275000	2019.241935	-
2458573.50080076	6.03925332245131	340.305906091667	-15.559128602778	2019.244673	-
2458574.50080076	6.03005262206081	340.508405029167	-15.486848816667	2019.247411	-
2458575.50080076	6.02065730708534	340.710001870833	-15.414971502778	2019.250149	-
2458576.50080076	6.01107008874364	340.910574395833	-15.343585661111	2019.252887	-
2458577.50080076	6.00130153117173	341.110031600000	-15.272765669444	2019.255624	-
2458578.50080076	5.99136610474307	341.308335654167	-15.202533577778	2019.258362	-
2458579.50080076	5.98127652314034	341.505504220833	-15.132849561111	2019.261100	-
2458580.50080076	5.97103892762105	341.701595695833	-15.063636758333	2019.263838	-
2458581.50080076	5.96065113840418	341.896681966667	-14.994828552778	2019.266576	-
2458582.50080076	5.95010483583265	342.090815670833	-14.926412636111	2019.269314	-
2458583.50080076	5.93939046978839	342.284002050000	-14.858446633333	2019.272052	-
2458584.50080076	5.92850237828152	342.476185291667	-14.791035797222	2019.274790	-
2458585.50080076	5.91744174440095	342.667257200000	-14.724283816667	2019.277528	-
2458586.50080076	5.90621624139701	342.857089000000	-14.658243050000	2019.280266	-
2458587.50080076	5.89483703554739	343.045575562500	-14.592891119444	2019.283004	-
2458588.50080076	5.88331492889266	343.232674895833	-14.528145800000	2019.285741	-
2458589.50080076	5.87165728132718	343.418424291667	-14.463911588889	2019.288479	-
2458590.50080076	5.85986669633506	343.602921158333	-14.400134636111	2019.291217	-
2458591.50080076	5.84794150679612	343.786274087500	-14.336836611111	2019.293955	-
2458592.50080076	5.83587734798423	343.968546000000	-14.274109527778	2019.296693	-
2458593.50080076	5.82366912067755	344.149716291667	-14.212073783333	2019.299431	-
2458594.50080076	5.81131294056435	344.329681612500	-14.150821100000	2019.302169	-
2458595.50080076	5.79880782980704	344.508294570833	-14.090372852778	2019.304907	-
2458596.50080076	5.78615693686918	344.685420741667	-14.030674744444	2019.307645	-
2458597.50080076	5.77336777102986	344.860987937500	-13.971630358333	2019.310383	-
2458598.50080076	5.76045078803256	345.035005616667	-13.913157141667	2019.313121	-
2458599.50080076	5.74741634583054	345.207546779167	-13.855234997222	2019.315858	-
2458600.50080076	5.73427102798379	345.378704366667	-13.797921847222	2019.318596	-
2458601.50080076	5.72101501025854	345.548543075000	-13.741328227778	2019.321334	-
2458602.50080076	5.70764212979849	345.717067166667	-13.685564416667	2019.324072	-
2458603.50080076	5.69414307329241	345.884214933333	-13.630689055556	2019.326810	-
2458604.50080076	5.68051045262586	346.049876912500	-13.576686286111	2019.329548	-
2458605.50080076	5.66674351118845	346.213928050000	-13.523482616667	2019.332286	-
2458606.50080076	5.65285003461451	346.376263154167	-13.470994519444	2019.335024	-
2458607.50080076	5.63884423621369	346.536824425000	-13.419180236111	2019.337762	-
2458608.50080076	5.62474156018454	346.695613641667	-13.368066938889	2019.340500	-
2458609.50080076	5.61055288733587	346.852685291667	-13.317739058333	2019.343238	-
2458610.50080076	5.59628091629812	347.008120362500	-13.268295180556	2019.345975	-
2458611.50080076	5.58192042082929	347.161987625000	-13.219798786111	2019.348713	-
2458612.50080076	5.56746199129738	347.314305454167	-13.172250750000	2019.351451	-
2458613.50080076	5.55289742155661	347.465019120833	-13.125597852778	2019.354189	-
2458614.50080076	5.53822439140907	347.614007408333	-13.079771977778	2019.356927	-
2458615.50080076	5.52344842157652	347.761121175000	-13.034736733333	2019.359665	-
2458616.50080076	5.50858148028272	347.906238975000	-12.990513569444	2019.362403	-
2458617.50080076	5.49363810157656	348.049314545833	-12.947172522222	2019.365141	-
2458618.50080076	5.47863072141092	348.190392116667	-12.904793663889	2019.367879	-
2458619.50080076	5.46356603876597	348.329579512500	-12.863423083333	2019.370617	-
2458620.50080076	5.44844363707838	348.466991412500	-12.823050377778	2019.373355	-
2458621.50080075	5.43325716538911	348.602688808333	-12.783620327778	2019.376092	-
2458622.50080075	5.41799771698552	348.736642279167	-12.745072661111	2019.378830	-
2458623.50080075	5.40265838591280	348.868737066667	-12.707386047222	2019.381568	-
2458624.50080075	5.38723822363969	348.998816429167	-12.670599247222	2019.384306	-
2458625.50080075	5.37174401576790	349.126740779167	-12.634796002778	2019.387044	-
2458626.50080075	5.35618890563421	349.252435295833	-12.600061561111	2019.389782	-
2458627.50080075	5.34058815923321	349.375905487500	-12.566436661111	2019.392520	-
2458628.50080075	5.32495383978589	349.497218270833	-12.533896625000	2019.395258	-
2458629.50080075	5.30929065860950	349.616461800000	-12.502368186111	2019.397996	-
2458630.50080075	5.29359494655952	349.733701204167	-12.471776008333	2019.400734	-
2458631.50080075	5.27785753083624	349.848946466667	-12.442093072222	2019.403472	-
2458632.50080075	5.26206927732603	349.962142045833	-12.413365180556	2019.406209	-
2458633.50080075	5.24622666265821	350.073178437500	-12.385694627778	2019.408947	-
2458634.50080075	5.23033474684920	350.181920937500	-12.359190633333	2019.411685	-
2458635.50080075	5.21440610549059	350.288247345833	-12.333913663889	2019.414423	-
2458636.50080075	5.19845643439641	350.392083112500	-12.309845077778	2019.417161	-
2458637.50080075	5.18249913301108	350.493423016667	-12.286898938889	2019.419899	-
2458638.50080075	5.16654132742927	350.592329550000	-12.264970930556	2019.422637	-
2458639.50080075	5.15058301236276	350.688902841667	-12.243999211111	2019.425375	-
2458640.50080075	5.13461937412624	350.783230579167	-12.224003388889	2019.428113	-
2458641.50080075	5.11864475266592	350.875337979167	-12.205080033333	2019.430851	-
2458642.50080075	5.10265631418818	350.965161158333	-12.187356325000	2019.433589	-
2458643.50080075	5.08665603481705	351.052560220833	-12.170926127778	2019.436326	-
2458644.50080075	5.07065063485788	351.137369095833	-12.155802952778	2019.439064	-
2458645.50080075	5.05465009768291	351.219460354167	-12.141914316667	2019.441802	-
2458646.50080075	5.03866554335501	351.298795937500	-12.129140761111	2019.444540	-
2458647.50080075	5.02270696932676	351.375437770833	-12.117380658333	2019.447278	-
2458648.50080075	5.00678127593104	351.449511041667	-12.106606147222	2019.450016	-
2458649.50080075	4.99089096194508	351.521138316667	-12.096880036111	2019.452754	-
2458650.50080075	4.97503395584126	351.590376229167	-12.088324825000	2019.455492	-
2458651.50080075	4.95920508352118	351.657184445833	-12.081059963889	2019.458230	-
2458652.50080075	4.94339908130406	351.721439508333	-12.075141525000	2019.460968	-
2458653.50080075	4.92761424022433	351.782982358333	-12.070535852778	2019.463706	-
2458654.50080075	4.91185523078083	351.841676258333	-12.067139975000	2019.466443	-
2458655.50080075	4.89613345888220	351.897451141667	-12.064838772222	2019.469181	-
2458656.50080075	4.88046421772458	351.950317462500	-12.063568202778	2019.471919	-
2458657.50080074	4.86486164802716	352.000348316667	-12.063349938889	2019.474657	-
2458658.50080074	4.84933379130974	352.047640912500	-12.064279022222	2019.477395	-
2458659.50080074	4.83388027893509	352.092272795833	-12.066471683333	2019.480133	-
2458660.50080074	4.81849402687919	352.134267679167	-12.070002888889	2019.482871	-
2458661.50080074	4.80316616139018	352.173580116667	-12.074868352778	2019.485609	-
2458662.50080074	4.78789189283548	352.210102054167	-12.080990355556	2019.488347	-
2458663.50080074	4.77267462679379	352.243691633333	-12.088263266667	2019.491085	-
2458664.50080074	4.75752628403452	352.274218495833	-12.096613583333	2019.493823	-
2458665.50080074	4.74246376992025	352.301610025000	-12.106039000000	2019.496560	-
2458666.50080074	4.72750339904478	352.325880350000	-12.116605419444	2019.499298	-
2458667.50080074	4.71265582965462	352.347125962500	-12.128404272222	2019.502036	-
2458668.50080074	4.69792374486400	352.365484258333	-12.141495827778	2019.504774	-
2458669.50080074	4.68330298585604	352.381070695833	-12.155872233333	2019.507512	-
2458670.50080074	4.66878628281222	352.393920925000	-12.171460772222	2019.510250	-
2458671.50080074	4.65436800835409	352.403965858333	-12.188165061111	2019.512988	-
2458672.50080074	4.64004807471805	352.411056200000	-12.205919630556	2019.515726	-
2458673.50080074	4.62583350676280	352.415026954167	-12.224724497222	2019.518464	-
2458674.50080074	4.61173728273130	352.415771383333	-12.244639122222	2019.521202	-
2458675.50080074	4.59777489408503	352.413289095833	-12.265739330556	2019.523940	-
2458676.50080074	4.58395985642395	352.407684254167	-12.288063408333	2019.526677	-
2458677.50080074	4.57029986075783	352.399116404167	-12.311580322222	2019.529415	-
2458678.50080074	4.55679500216896	352.387729300000	-12.336199236111	2019.532153	-
2458679.50080074	4.54343896763117	352.373589691667	-12.361815908333	2019.534891	-
2458680.50080074	4.53022311429932	352.356663258333	-12.388369350000	2019.537629	-
2458681.50080074	4.51714186430409	352.336835975000	-12.415874133333	2019.540367	-
2458682.50080074	4.50419704674960	352.313966541667	-12.444407922222	2019.543105	-
2458683.50080074	4.49139910207930	352.287944904167	-12.474060011111	2019.545843	-
2458684.50080074	4.47876433466700	352.258733150000	-12.504870183333	2019.548581	-
2458685.50080074	4.46630942987416	352.226376016667	-12.536793894444	2019.551319	-
2458686.50080074	4.45404576981126	352.190983125000	-12.569714005556	2019.554057	-
2458687.50080073	4.44197612319595	352.152691529167	-12.603494308333	2019.556794	-
2458688.50080073	4.43009538453211	352.111619704167	-12.638046636111	2019.559532	-
2458689.50080073	4.41839502234500	352.067827670833	-12.673372952778	2019.562270	-
2458690.50080073	4.40686893367491	352.021296150000	-12.709557652778	2019.565008	-
2458691.50080073	4.39551787494374	351.971933858333	-12.746712766667	2019.567746	-
2458692.50080073	4.38435045579284	351.919615091667	-12.784905219444	2019.570484	-
2458693.50080073	4.37338055146527	351.864236308333	-12.824106852778	2019.573222	-
2458694.50080073	4.36262282470031	351.805770633333	-12.864193955556	2019.575960	-
2458695.50080073	4.35208850796024	351.744297212500	-12.904997283333	2019.578698	-
2458696.50080073	4.34178310420596	351.679986750000	-12.946377622222	2019.581436	-
2458697.50080073	4.33170662625689	351.613043945833	-12.988286183333	2019.584174	-
2458698.50080073	4.32185570798293	351.543630962500	-13.030776816667	2019.586911	-
2458699.50080073	4.31222639273061	351.471807295833	-13.073963194444	2019.589649	-
2458700.50080073	4.30281660313918	351.397517104167	-13.117942936111	2019.592387	-
2458701.50080073	4.29362771757672	351.320632229167	-13.162729672222	2019.595125	-
2458702.50080073	4.28466515061654	351.241029691667	-13.208228833333	2019.597863	-
2458703.50080073	4.27593794689208	351.158667783333	-13.254269208333	2019.600601	-
2458704.50080073	4.26745719681627	351.073624829167	-13.300675122222	2019.603339	-
2458705.50080073	4.25923337744489	350.986081920833	-13.347341022222	2019.606077	-
2458706.50080073	4.25127333616797	350.896260704167	-13.394268375000	2019.608815	-
2458707.50080073	4.24357809794166	350.804347662500	-13.441545850000	2019.611553	-
2458708.50080073	4.23614282654648	350.710439433333	-13.489283372222	2019.614291	-
2458709.50080073	4.22895948139527	350.614531475000	-13.537535941667	2019.617028	-
2458710.50080073	4.22202132718992	350.516548795833	-13.586258041667	2019.619766	-
2458711.50080073	4.21532743298594	350.416400533333	-13.635311169444	2019.622504	-
2458712.50080073	4.20888491592235	350.314036683333	-13.684520483333	2019.625242	-
2458713.50080073	4.20270740384671	350.209485979167	-13.733750063889	2019.627980	-
2458714.50080073	4.19681018595565	350.102864029167	-13.782954522222	2019.630718	-
2458715.50080073	4.19120430405964	349.994352295833	-13.832179813889	2019.633456	-
2458716.50080073	4.18589245723659	349.884155475000	-13.881513708333	2019.636194	-
2458717.50080073	4.18086881556416	349.772450900000	-13.931015341667	2019.638932	-
2458718.50080073	4.17612275666971	349.659346029167	-13.980663644444	2019.641670	-
2458719.50080073	4.17164467999446	349.544858483333	-14.030351913889	2019.644408	-
2458720.50080073	4.16743128317238	349.428929970833	-14.079929977778	2019.647145	-
2458721.50080073	4.16348786539395	349.311475758333	-14.129269355556	2019.649883	-
2458722.50080073	4.15982668785748	349.192452770833	-14.178312713889	2019.652621	-
2458723.50080073	4.15646236877501	349.071917516667	-14.227079441667	2019.655359	-
2458724.50080073	4.15340643483361	348.950044920833	-14.275625391667	2019.658097	-
2458725.50080073	4.15066339299380	348.827093758333	-14.323982238889	2019.660835	-
2458726.50080072	4.14822980625642	348.703332329167	-14.372113911111	2019.663573	-
2458727.50080072	4.14609637669018	348.578957400000	-14.419915258333	2019.666311	-
2458728.50080072	4.14425214100247	348.454043366667	-14.467253111111	2019.669049	-
2458729.50080072	4.14268922922715	348.328548729167	-14.514024897222	2019.671787	-
2458730.50080072	4.14140630728117	348.202377904167	-14.560198333333	2019.674525	-
2458731.50080072	4.14040941356285	348.075467595833	-14.605807605556	2019.677262	-
2458732.50080072	4.13970976990175	347.947856450000	-14.650907894444	2019.680000	-
2458733.50080072	4.13931925471337	347.819704883333	-14.695515927778	2019.682738	-
2458734.50080072	4.13924536595344	347.691258812500	-14.739573533333	2019.685476	-
2458735.50080072	4.13948774786752	347.562779333333	-14.782956775000	2019.688214	-
2458736.50080072	4.14003785989185	347.434470970833	-14.825526725000	2019.690952	-
2458737.50080072	4.14088231145002	347.306438850000	-14.867193044444	2019.693690	-
2458738.50080072	4.14200856687508	347.178690275000	-14.907951694444	2019.696428	-
2458739.50080072	4.14341040464394	347.051173816667	-14.947873069444	2019.699166	-
2458740.50080072	4.14509055080889	346.923836183333	-14.987045619444	2019.701904	-
2458741.50080072	4.14705908943413	346.796674650000	-15.025506427778	2019.704642	-
2458742.50080072	4.14932839737247	346.669767545833	-15.063199169444	2019.707379	-
2458743.50080072	4.15190710775229	346.543276483333	-15.099983750000	2019.710117	-
2458744.50080072	4.15479587832041	346.417421287500	-15.135694038889	2019.712855	-
2458745.50080072	4.15798696370973	346.292432870833	-15.170213738889	2019.715593	-
2458746.50080072	4.16146770283534	346.168498537500	-15.203527497222	2019.718331	-
2458747.50080072	4.16522593732719	346.045719512500	-15.235717850000	2019.721069	-
2458748.50080072	4.16925465654170	345.924098858333	-15.266908738889	2019.723807	-
2458749.50080072	4.17355381378174	345.803570241667	-15.297185369444	2019.726545	-
2458750.50080072	4.17812885749458	345.684059950000	-15.326534452778	2019.729283	-
2458751.50080072	4.18298724084175	345.565557450000	-15.354836230556	2019.732021	-
2458752.50080072	4.18813471498400	345.448164287500	-15.381912416667	2019.734759	-
2458753.50080072	4.19357280052029	345.332094933333	-15.407606758333	2019.737496	-
2458754.50080072	4.19929810336256	345.217623120833	-15.431855547222	2019.740234	-
2458755.50080072	4.20530320436407	345.104997262500	-15.454710063889	2019.742972	-
2458756.50080072	4.21157841611822	344.994364579167	-15.476299311111	2019.745710	-
2458757.50080072	4.21811388048945	344.885741487500	-15.496752341667	2019.748448	-
2458758.50080072	4.22490161864110	344.779045116667	-15.516122147222	2019.751186	-
2458759.50080072	4.23193723056629	344.674168058333	-15.534350833333	2019.753924	-
2458760.50080072	4.23922082051464	344.571060037500	-15.551292561111	2019.756662	-
2458761.50080072	4.24675643765443	344.469779675000	-15.566782880556	2019.759400	-
2458762.50080072	4.25454964069846	344.370493191667	-15.580718175000	2019.762138	-
2458763.50080072	4.26260379639178	344.273424845833	-15.593102602778	2019.764876	-
2458764.50080072	4.27091660647903	344.178785937500	-15.604038430556	2019.767613	-
2458765.50080072	4.27947872975526	344.086714570833	-15.613665350000	2019.770351	-
2458766.50080072	4.28827566316037	343.997250454167	-15.622082266667	2019.773089	-
2458767.50080072	4.29729231845471	343.910349191667	-15.629294183333	2019.775827	-
2458768.50080072	4.30651834931817	343.825923954167	-15.635210513889	2019.778565	-
2458769.50080072	4.31595166947048	343.743897908333	-15.639694625000	2019.781303	-
2458770.50080072	4.32559811787498	343.664249587500	-15.642637088889	2019.784041	-
2458771.50080072	4.33546723656968	343.587036929167	-15.644011263889	2019.786779	-
2458772.50080072	4.34556615693110	343.512394004167	-15.643881544444	2019.789517	-
2458773.50080072	4.35589452667206	343.440500175000	-15.642361588889	2019.792255	-
2458774.50080072	4.36644299071236	343.371529633333	-15.639547775000	2019.794993	-
2458775.50080072	4.37719582926720	343.305598500000	-15.635466830556	2019.797730	-
2458776.50080072	4.38813632242793	343.242728941667	-15.630065750000	2019.800468	-
2458777.50080072	4.39925241840890	343.182848225000	-15.623247736111	2019.803206	-
2458778.50080072	4.41054013952297	343.125830225000	-15.614932019444	2019.805944	-
2458779.50080072	4.42200328394163	343.071564979167	-15.605101144444	2019.808682	-
2458780.50080072	4.43364984119788	343.020025612500	-15.593808013889	2019.811420	-
2458781.50080072	4.44548681613127	342.971300062500	-15.581140325000	2019.814158	-
2458782.50080072	4.45751565973098	342.925568845833	-15.567165533333	2019.816896	-
2458783.50080072	4.46973008164662	342.883038066667	-15.551890994444	2019.819634	-
2458784.50080072	4.48211682379409	342.843858791667	-15.535262886111	2019.822372	-
2458785.50080072	4.49465906458220	342.808069575000	-15.517204108333	2019.825110	-
2458786.50080072	4.50734129462818	342.775590525000	-15.497667961111	2019.827847	-
2458787.50080072	4.52015375528222	342.746271675000	-15.476673616667	2019.830585	-
2458788.50080072	4.53309464301558	342.719969808333	-15.454300808333	2019.833323	-
2458789.50080072	4.54616906306913	342.696616679167	-15.430646177778	2019.836061	-
2458790.50080072	4.55938491447032	342.676247604167	-15.405767761111	2019.838799	-
2458791.50080072	4.57274741181207	342.658981420833	-15.379652027778	2019.841537	-
2458792.50080072	4.58625459325045	342.644967750000	-15.352223658333	2019.844275	-
2458793.50080072	4.59989580550047	342.634326804167	-15.323393600000	2019.847013	-
2458794.50080072	4.61365417080382	342.627105583333	-15.293118630556	2019.849751	-
2458795.50080072	4.62751209501213	342.623265541667	-15.261436697222	2019.852489	-
2458796.50080072	4.64145721284773	342.622701416667	-15.228456136111	2019.855227	-
2458797.50080072	4.65548593945100	342.625280841667	-15.194303400000	2019.857964	-
2458798.50080073	4.66960284930623	342.630890708333	-15.159058077778	2019.860702	-
2458799.50080073	4.68381627355828	342.639475270833	-15.122712677778	2019.863440	-
2458800.50080073	4.69813245370709	342.651055158333	-15.085179736111	2019.866178	-
2458801.50080073	4.71255099973428	342.665720875000	-15.046343236111	2019.868916	-
2458802.50080073	4.72706367628622	342.683598416667	-15.006127791667	2019.871654	-
2458803.50080073	4.74165685440340	342.704796316667	-14.964547130556	2019.874392	-
2458804.50080073	4.75631603073231	342.729354316667	-14.921704908333	2019.877130	-
2458805.50080073	4.77103010130401	342.757216350000	-14.877746919444	2019.879868	-
2458806.50080073	4.78579358732809	342.788244458333	-14.832789836111	2019.882606	-
2458807.50080073	4.80060625003876	342.822271504167	-14.786865202778	2019.885344	-
2458808.50080073	4.81547091250092	342.859170254167	-14.739908027778	2019.888081	-
2458809.50080073	4.83039074437055	342.898907954167	-14.691795544444	2019.890819	-
2458810.50080073	4.84536690248763	342.941558725000	-14.642417066667	2019.893557	-
2458811.50080073	4.86039701987538	342.987264279167	-14.591737866667	2019.896295	-
2458812.50080073	4.87547463955926	343.036161833333	-14.539822680556	2019.899033	-
2458813.50080073	4.89058957258454	343.088314283333	-14.486807033333	2019.901771	-
2458814.50080073	4.90572935269736	343.143676025000	-14.432831730556	2019.904509	-
2458815.50080073	4.92088174455703	343.202109600000	-14.377975947222	2019.907247	-
2458816.50080073	4.93603774236097	343.263441070833	-14.322224169444	2019.909985	-
2458817.50080073	4.95119399688541	343.327526162500	-14.265482638889	2019.912723	-
2458818.50080073	4.96635325065105	343.394298379167	-14.207636966667	2019.915461	-
2458819.50080073	4.98152192195915	343.463779454167	-14.148620097222	2019.918198	-
2458820.50080073	4.99670551980253	343.536052237500	-14.088453400000	2019.920936	-
2458821.50080073	5.01190389530173	343.611212604167	-14.027239463889	2019.923674	-
2458822.50080073	5.02710880409808	343.689321554167	-13.965111325000	2019.926412	-
2458823.50080073	5.04230534177118	343.770375095833	-13.902167272222	2019.929150	-
2458824.50080073	5.05747672585753	343.854299141667	-13.838427458333	2019.931888	-
2458825.50080073	5.07261024614785	343.940966654167	-13.773834197222	2019.934626	-
2458826.50080073	5.08770157789780	344.030231720833	-13.708294441667	2019.937364	-
2458827.50080073	5.10275518999302	344.121971608333	-13.641740247222	2019.940102	-
2458828.50080073	5.11778060888092	344.216123016667	-13.574172208333	2019.942840	-
2458829.50080073	5.13278642408948	344.312699441667	-13.505662080556	2019.945578	-
2458830.50080073	5.14777489680834	344.411779458333	-13.436314588889	2019.948315	-
2458831.50080073	5.16273969610477	344.513466008333	-13.366212011111	2019.951053	-
2458832.50080073	5.17766754367353	344.617831441667	-13.295374775000	2019.953791	-
2458833.50080073	5.19254265698653	344.724871012500	-13.223759780556	2019.956529	-
2458834.50080073	5.20735198502290	344.834487300000	-13.151296016667	2019.959267	-
2458835.50080073	5.22208905138528	344.946517612500	-13.077935602778	2019.962005	-
2458836.50080074	5.23675491851164	345.060794237500	-13.003688847222	2019.964743	-
2458837.50080074	5.25135617612674	345.177209345833	-12.928622619444	2019.967481	-
2458838.50080074	5.26590086229978	345.295753066667	-12.852823763889	2019.970219	-
2458839.50080074	5.28039389288281	345.416504966667	-12.776350636111	2019.972957	-
2458840.50080074	5.29483372212465	345.539583750000	-12.699202838889	2019.975695	-
2458841.50080074	5.30921137372024	345.665080729167	-12.621327325000	2019.978432	-
2458842.50080074	5.32351233870246	345.793007462500	-12.542657488889	2019.981170	-
2458843.50080074	5.33772093526068	345.923281675000	-12.463162077778	2019.983908	-
2458844.50080074	5.35182545683497	346.055755662500	-12.382873505556	2019.986646	-
2458845.50080074	5.36582191907819	346.190269783333	-12.301877936111	2019.989384	-
2458846.50080074	5.37971463023450	346.326705187500	-12.220272255556	2019.992122	-
2458847.50080074	5.39351302388808	346.465014029167	-12.138113186111	2019.994860	-
2458848.50080074	5.40722609339266	346.605218362500	-12.055388933333	2019.997598	-
2458849.50080074	5.42085692705049	346.747384416667	-11.972029927778	2020.000336	-
2458850.50080074	5.43439982933469	346.891584466667	-11.887953672222	2020.003074	-
2458851.50080074	5.44784158105926	347.037859025000	-11.803119241667	2020.005812	-
2458852.50080074	5.46116632510676	347.186191308333	-11.717559550000	2020.008549	-
2458853.50080074	5.47436160139504	347.336501033333	-11.631372230556	2020.011287	-
2458854.50080074	5.48742261043858	347.488659804167	-11.544673388889	2020.014025	-
2458855.50080074	5.50035272397959	347.642525420833	-11.457539777778	2020.016763	-
2458856.50080074	5.51316030290584	347.797984550000	-11.369972005556	2020.019501	-
2458857.50080074	5.52585375657464	347.954988487500	-11.281898652778	2020.022239	-
2458858.50080074	5.53843716322326	348.113566954167	-11.193219344444	2020.024977	-
2458859.50080074	5.55090822579865	348.273808708333	-11.103864666667	2020.027715	-
2458860.50080074	5.56325908862435	348.435813087500	-11.013839855556	2020.030453	-
2458861.50080074	5.57547910165231	348.599632862500	-10.923228141667	2020.033191	-
2458862.50080074	5.58755807053831	348.765235266667	-10.832151769444	2020.035929	-
2458863.50080074	5.59948881946687	348.932502345833	-10.740711355556	2020.038666	-
2458864.50080074	5.61126844472243	349.101272295833	-10.648937269444	2020.041404	-
2458865.50080075	5.62289833317347	349.271401529167	-10.556778697222	2020.044142	-
2458866.50080075	5.63438314058195	349.442818504167	-10.464135611111	2020.046880	-
2458867.50080075	5.64572872697856	349.615543662500	-10.370917405556	2020.049618	-
2458868.50080075	5.65693933947305	349.789665533333	-10.277096330556	2020.052356	-
2458869.50080075	5.66801483378104	349.965286958333	-10.182726563889	2020.055094	-
2458870.50080075	5.67894907944410	350.142468200000	-10.087919225000	2020.057832	-
2458871.50080075	5.68973072163785	350.321192841667	 -9.992786927778	2020.060570	-
2458872.50080075	5.70034651863798	350.501369670833	 -9.897388905556	2020.063308	-
2458873.50080075	5.71078609093962	350.682864229167	 -9.801706319444	2020.066046	-
2458874.50080075	5.72104604286383	350.865543183333	 -9.705660050000	2020.068783	-
2458875.50080075	5.73113122503060	351.049313733333	 -9.609161297222	2020.071521	-
2458876.50080075	5.74105204611281	351.234144133333	 -9.512166627778	2020.074259	-
2458877.50080075	5.75081892336627	351.420061187500	 -9.414706341667	2020.076997	-
2458878.50080075	5.76043650859717	351.607128745833	 -9.316871127778	2020.079735	-
2458879.50080075	5.76990059010364	351.795414683333	 -9.218765319444	2020.082473	-
2458880.50080075	5.77919928736681	351.984956570833	 -9.120454177778	2020.085211	-
2458881.50080075	5.78831782095363	352.175736275000	 -9.021935066667	2020.087949	-
2458882.50080075	5.79724453612656	352.367672050000	 -8.923147450000	2020.090687	-
2458883.50080075	5.80597542424112	352.560635058333	 -8.824015630556	2020.093425	-
2458884.50080075	5.81451502847524	352.754488666667	 -8.724499222222	2020.096163	-
2458885.50080075	5.82287355505619	352.949136141667	 -8.624621419444	2020.098900	-
2458886.50080075	5.83106182110996	353.144555841667	 -8.524459127778	2020.101638	-
2458887.50080075	5.83908634876494	353.340805166667	 -8.424101416667	2020.104376	-
2458888.50080075	5.84694664242826	353.537987725000	 -8.323601747222	2020.107114	-
2458889.50080075	5.85463539985864	353.736197837500	 -8.222952341667	2020.109852	-
2458890.50080075	5.86214113940693	353.935467383333	 -8.122094838889	2020.112590	-
2458891.50080075	5.86945222303904	354.135740112500	 -8.020960938889	2020.115328	-
2458892.50080075	5.87656087218339	354.336887991667	 -7.919518986111	2020.118066	-
2458893.50080075	5.88346574650694	354.538761591667	 -7.817798341667	2020.120804	-
2458894.50080075	5.89017218962386	354.741249312500	 -7.715877044444	2020.123542	-
2458895.50080075	5.89668986434129	354.944316854167	 -7.613839980556	2020.126280	-
2458896.50080075	5.90302846456214	355.148008762500	 -7.511732788889	2020.129017	-
2458897.50080075	5.90919313790676	355.352415104167	 -7.409539147222	2020.131755	-
2458898.50080075	5.91518145110852	355.557622004167	 -7.307194422222	2020.134493	-
2458899.50080075	5.92098342188245	355.763668075000	 -7.204628447222	2020.137231	-
2458900.50080075	5.92658506758997	355.970524183333	 -7.101812855556	2020.139969	-
2458901.50080076	5.93197407072974	356.178101637500	 -6.998784777778	2020.142707	-
2458902.50080076	5.93714496936540	356.386280945833	 -6.895632811111	2020.145445	-
2458903.50080076	5.94210135974992	356.594948487500	 -6.792452636111	2020.148183	-
2458904.50080076	5.94685385445430	356.804028141667	 -6.689297758333	2020.150921	-
2458905.50080076	5.95141482874259	357.013498829167	 -6.586153825000	2020.153659	-
2458906.50080076	5.95579250596032	357.223394612500	 -6.482950922222	2020.156397	-
2458907.50080076	5.95998711121404	357.433786375000	 -6.379607722222	2020.159134	-
2458908.50080076	5.96399090814029	357.644748025000	 -6.276083288889	2020.161872	-
2458909.50080076	5.96779189804185	357.856317895833	 -6.172406650000	2020.164610	-
2458910.50080076	5.97137910141404	358.068470408333	 -6.068667247222	2020.167348	-
2458911.50080076	5.97474691640975	358.281111929167	 -5.964971272222	2020.170086	-
2458912.50080076	5.97789674960373	358.494107325000	 -5.861388113889	2020.172824	-
2458913.50080076	5.98083566998768	358.707328004167	 -5.757917150000	2020.175562	-
2458914.50080076	5.98357322883517	358.920701383333	 -5.654492569444	2020.178300	-
2458915.50080076	5.98611785587187	359.134238841667	 -5.551023988889	2020.181038	-
2458916.50080076	5.98847403226898	359.348025354167	 -5.447451361111	2020.183776	-
2458917.50080076	5.99064099241254	359.562173433333	 -5.343782972222	2020.186514	-
2458918.50080076	5.99261305693270	359.776763454167	 -5.240095316667	2020.189251	-
2458919.50080076	5.99438142871037	359.991799379167	 -5.136494844444	2020.191989	-
2458920.50080076	5.99593710285671	  0.207201625000	 -5.033063075000	2020.194727	-
2458921.50080076	5.99727411362910	  0.422838900000	 -4.929816200000	2020.197465	-
2458922.50080076	5.99839211646908	  0.638581000000	 -4.826700880556	2020.200203	-
2458923.50080076	5.99929714483223	  0.854347775000	 -4.723628280556	2020.202941	-
2458924.50080076	5.99999963205710	  1.070132954167	 -4.620528272222	2020.205679	-
2458925.50080076	6.00051006136495	  1.285993925000	 -4.517393075000	2020.208417	-
2458926.50080076	6.00083401839970	  1.502016358333	 -4.414285702778	2020.211155	-
2458927.50080076	6.00096902827986	  1.718271387500	 -4.311308686111	2020.213893	-
2458928.50080076	6.00090507934256	  1.934782754167	 -4.208550772222	2020.216631	-
2458929.50080076	6.00062887006468	  2.151514795833	 -4.106042627778	2020.219368	-
2458930.50080076	6.00012982456327	  2.368381112500	 -4.003745894444	2020.222106	-
2458931.50080076	5.99940508644908	  2.585268641667	 -3.901581144444	2020.224844	-
2458932.50080076	5.99846096594128	  2.802070616667	 -3.799479205556	2020.227582	-
2458933.50080076	5.99731001663523	  3.018718458333	 -3.697426205556	2020.230320	-
2458934.50080076	5.99596528957563	  3.235202325000	 -3.595476366667	2020.233058	-
2458935.50080076	5.99443459797802	  3.451571691667	 -3.493725552778	2020.235796	-
2458936.50080076	5.99271750145383	  3.667911583333	 -3.392260916667	2020.238534	-
2458937.50080076	5.99080623226159	  3.884300970833	 -3.291116336111	2020.241272	-
2458938.50080076	5.98868966049768	  4.100769250000	 -3.190258944444	2020.244010	-
2458939.50080076	5.98635830505756	  4.317269879167	 -3.089613961111	2020.246748	-
2458940.50080076	5.98380828085220	  4.533687166667	 -2.989113916667	2020.249485	-
2458941.50080076	5.98104269166233	  4.749877270833	 -2.888743388889	2020.252223	-
2458942.50080076	5.97807030504584	  4.965725404167	 -2.788552958333	2020.254961	-
2458943.50080076	5.97490235535818	  5.181192062500	 -2.688634488889	2020.257699	-
2458944.50080076	5.97154868054834	  5.396324625000	 -2.589072097222	2020.260437	-
2458945.50080076	5.96801449234510	  5.611227879167	 -2.489897761111	2020.263175	-
2458946.50080076	5.96429869424883	  5.826008895833	 -2.391077005556	2020.265913	-
2458947.50080076	5.96039425997150	  6.040722195833	 -2.292532555556	2020.268651	-
2458948.50080076	5.95629089602892	  6.255340575000	 -2.194193236111	2020.271389	-
2458949.50080076	5.95197932482359	  6.469764858333	 -2.096039747222	2020.274127	-
2458950.50080076	5.94745556201155	  6.683864691667	 -1.998120386111	2020.276865	-
2458951.50080076	5.94272332122336	  6.897529012500	 -1.900527650000	2020.279602	-
2458952.50080076	5.93779311641189	  7.110703195833	 -1.803349125000	2020.282340	-
2458953.50080076	5.93267812653544	  7.323398850000	 -1.706621458333	2020.285078	-
2458954.50080076	5.92738858790350	  7.535677325000	 -1.610313747222	2020.287816	-
2458955.50080076	5.92192720184760	  7.747617566667	 -1.514349272222	2020.290554	-
2458956.50080076	5.91628786994995	  7.959280129167	 -1.418654147222	2020.293292	-
2458957.50080076	5.91045867033140	  8.170679154167	 -1.323205108333	2020.296030	-
2458958.50080076	5.90442767270509	  8.381770445833	 -1.228048558333	2020.298768	-
2458959.50080076	5.89818875967429	  8.592458579167	 -1.133279738889	2020.301506	-
2458960.50080076	5.89174462523954	  8.802622683333	 -1.038993586111	2020.304244	-
2458961.50080076	5.88510557909317	  9.012153862500	 -0.945235825000	2020.306982	-
2458962.50080076	5.87828507913964	  9.220991679167	 -0.851982227778	2020.309719	-
2458963.50080076	5.87129430294881	  9.429145554167	 -0.759157241667	2020.312457	-
2458964.50080076	5.86413811995113	  9.636688450000	 -0.666682127778	2020.315195	-
2458965.50080076	5.85681410867563	  9.843720220833	 -0.574525441667	2020.317933	-
2458966.50080076	5.84931463475602	 10.050314637500	 -0.482726427778	2020.320671	-
2458967.50080076	5.84163069798574	 10.256474012500	 -0.391378011111	2020.323409	-
2458968.50080076	5.83375591026776	 10.462115020833	 -0.300578644444	2020.326147	-
2458969.50080076	5.82568917754927	 10.667095575000	 -0.210380836111	2020.328885	-
2458970.50080076	5.81743542052923	 10.871270504167	 -0.120765988889	2020.331623	-
2458971.50080076	5.80900438593584	 11.074549854167	 -0.031659288889	2020.334361	-
2458972.50080076	5.80040782235675	 11.276932166667	  0.057023122222	2020.337099	-
2458973.50080076	5.79165572677063	 11.478495558333	  0.145321475000	2020.339836	-
2458974.50080076	5.78275290309757	 11.679352137500	  0.233205050000	2020.342574	-
2458975.50080076	5.77369716232981	 11.879589537500	  0.320585788889	2020.345312	-
2458976.50080076	5.76448023110524	 12.079227108333	  0.407365261111	2020.348050	-
2458977.50080076	5.75509144850692	 12.278205704167	  0.493487644444	2020.350788	-
2458978.50080076	5.74552288897792	 12.476411058333	  0.578968008333	2020.353526	-
2458979.50080076	5.73577375082979	 12.673716120833	  0.663880250000	2020.356264	-
2458980.50080076	5.72585180999085	 12.870024045833	  0.748310750000	2020.359002	-
2458981.50080076	5.71577077836603	 13.065295483333	  0.832303866667	2020.361740	-
2458982.50080076	5.70554462145092	 13.259552216667	  0.915831402778	2020.364478	-
2458983.50080076	5.69518158259724	 13.452859491667	  0.998803783333	2020.367216	-
2458984.50080076	5.68468088816078	 13.645294179167	  1.081116783333	2020.369953	-
2458985.50080076	5.67403385692528	 13.836909133333	  1.162706697222	2020.372691	-
2458986.50080075	5.66322870848641	 14.027704570833	  1.243581955556	2020.375429	-
2458987.50080075	5.65225661019167	 14.217615358333	  1.323813858333	2020.378167	-
2458988.50080075	5.64111617525780	 14.406521529167	  1.403491133333	2020.380905	-
2458989.50080075	5.62981436716452	 14.594283529167	  1.482663516667	2020.383643	-
2458990.50080075	5.61836365390807	 14.780790566667	  1.561307419444	2020.386381	-
2458991.50080075	5.60677713181993	 14.966001925000	  1.639333538889	2020.389119	-
2458992.50080075	5.59506394219848	 15.149960104167	  1.716632508333	2020.391857	-
2458993.50080075	5.58322686168563	 15.332765208333	  1.793132316667	2020.394595	-
2458994.50080075	5.57126264038129	 15.514520454167	  1.868834275000	2020.397333	-
2458995.50080075	5.55916437962988	 15.695273220833	  1.943807822222	2020.400070	-
2458996.50080075	5.54692490289135	 15.874979575000	  2.018146838889	2020.402808	-
2458997.50080075	5.53454006142953	 16.053511937500	  2.091911500000	2020.405546	-
2458998.50080075	5.52201099189391	 16.230707458333	  2.165089300000	2020.408284	-
2458999.50080075	5.50934471154682	 16.406432908333	  2.237597472222	2020.411022	-
2459000.50080075	5.49655270309204	 16.580634641667	  2.309325688889	2020.413760	-
2459001.50080075	5.48364763029319	 16.753349679167	  2.380194841667	2020.416498	-
2459002.50080075	5.47063919713565	 16.924675204167	  2.450197866667	2020.419236	-
2459003.50080075	5.45753067924792	 17.094714683333	  2.519400163889	2020.421974	-
2459004.50080075	5.44431775808443	 17.263525483333	  2.587899258333	2020.424712	-
2459005.50080075	5.43099073810448	 17.431089975000	  2.655765700000	2020.427450	-
2459006.50080075	5.41753953878110	 17.597319808333	  2.722999433333	2020.430187	-
2459007.50080075	5.40395926692689	 17.762086316667	  2.789526413889	2020.432925	-
2459008.50080075	5.39025368431778	 17.925262275000	  2.855237230556	2020.435663	-
2459009.50080075	5.37643463114227	 18.086759304167	  2.920045663889	2020.438401	-
2459010.50080075	5.36251757580195	 18.246549116667	  2.983933138889	2020.441139	-
2459011.50080075	5.34851543733755	 18.404664729167	  3.046954452778	2020.443877	-
2459012.50080075	5.33443356397754	 18.561181120833	  3.109201586111	2020.446615	-
2459013.50080075	5.32026834962001	 18.716178404167	  3.170745700000	2020.449353	-
2459014.50080075	5.30601013326135	 18.869699079167	  3.231591077778	2020.452091	-
2459015.50080075	5.29164875507020	 19.021715170833	  3.291668119444	2020.454829	-
2459016.50080075	5.27717904281997	 19.172121012500	  3.350869361111	2020.457567	-
2459017.50080075	5.26260371379138	 19.320760229167	  3.409107091667	2020.460304	-
2459018.50080075	5.24793272643325	 19.467478245833	  3.466358988889	2020.463042	-
2459019.50080075	5.23317985954937	 19.612179129167	  3.522675641667	2020.465780	-
2459020.50080075	5.21835816653204	 19.754860654167	  3.578145950000	2020.468518	-
2459021.50080075	5.20347605292654	 19.895606900000	  3.632839619444	2020.471256	-
2459022.50080075	5.18853538523931	 20.034538025000	  3.686760811111	2020.473994	-
2459023.50080074	5.17353206777927	 20.171740845833	  3.739840597222	2020.476732	-
2459024.50080074	5.15845873836629	 20.307213962500	  3.791972961111	2020.479470	-
2459025.50080074	5.14330869597277	 20.440855795833	  3.843073277778	2020.482208	-
2459026.50080074	5.12807968769263	 20.572500675000	  3.893124277778	2020.484946	-
2459027.50080074	5.11277626221390	 20.701982941667	  3.942182900000	2020.487684	-
2459028.50080074	5.09740968946883	 20.829198700000	  3.990343975000	2020.490421	-
2459029.50080074	5.08199498543897	 20.954137158333	  4.037680794444	2020.493159	-
2459030.50080074	5.06654592313539	 21.076868675000	  4.084197686111	2020.495897	-
2459031.50080074	5.05107010894953	 21.197499395833	  4.129822894444	2020.498635	-
2459032.50080074	5.03556645199049	 21.316115479167	  4.174446522222	2020.501373	-
2459033.50080074	5.02002658301216	 21.432740625000	  4.217981872222	2020.504111	-
2459034.50080074	5.00443980754728	 21.547322066667	  4.260413766667	2020.506849	-
2459035.50080074	4.98879930338121	 21.659744725000	  4.301805775000	2020.509587	-
2459036.50080074	4.97310668978362	 21.769865029167	  4.342261788889	2020.512325	-
2459037.50080074	4.95737263643323	 21.877553329167	  4.381862630556	2020.515063	-
2459038.50080074	4.94161309945948	 21.982731370833	  4.420614602778	2020.517801	-
2459039.50080074	4.92584317093952	 22.085392808333	  4.458440344444	2020.520538	-
2459040.50080074	4.91007159565952	 22.185598883333	  4.495217758333	2020.523276	-
2459041.50080074	4.89429856655757	 22.283446620833	  4.530845552778	2020.526014	-
2459042.50080074	4.87851762174953	 22.379018500000	  4.565297469444	2020.528752	-
2459043.50080074	4.86272027568831	 22.472332333333	  4.598634555556	2020.531490	-
2459044.50080074	4.84690107090050	 22.563312858333	  4.630968383333	2020.534228	-
2459045.50080074	4.83106090503134	 22.651803408333	  4.662394344444	2020.536966	-
2459046.50080074	4.81520743232536	 22.737618245833	  4.692933100000	2020.539704	-
2459047.50080074	4.79935287726106	 22.820613312500	  4.722513997222	2020.542442	-
2459048.50080074	4.78351054410450	 22.900741783333	  4.751010219444	2020.545180	-
2459049.50080074	4.76769138678969	 22.978065170833	  4.778306277778	2020.547918	-
2459050.50080074	4.75190170335973	 23.052712450000	  4.804359358333	2020.550656	-
2459051.50080074	4.73614238391000	 23.124807641667	  4.829220411111	2020.553393	-
2459052.50080074	4.72040978363684	 23.194399858333	  4.853003797222	2020.556131	-
2459053.50080073	4.70469823823655	 23.261429283333	  4.875821008333	2020.558869	-
2459054.50080073	4.68900368018889	 23.325746183333	  4.897715691667	2020.561607	-
2459055.50080073	4.67332712474454	 23.387171129167	  4.918637255556	2020.564345	-
2459056.50080073	4.65767652897229	 23.445565520833	  4.938467952778	2020.567083	-
2459057.50080073	4.64206577397963	 23.500879429167	  4.957088369444	2020.569821	-
2459058.50080073	4.62651074451286	 23.553157208333	  4.974443491667	2020.572559	-
2459059.50080073	4.61102405148031	 23.602504675000	  4.990572133333	2020.575297	-
2459060.50080073	4.59561069794000	 23.649036441667	  5.005584127778	2020.578035	-
2459061.50080073	4.58026698033037	 23.692824458333	  5.019597358333	2020.580773	-
2459062.50080073	4.56498359744942	 23.733866220833	  5.032670188889	2020.583510	-
2459063.50080073	4.54975162623385	 23.772081370833	  5.044768430556	2020.586248	-
2459064.50080073	4.53456851476071	 23.807334812500	  5.055785366667	2020.588986	-
2459065.50080073	4.51944108199706	 23.839479154167	  5.065603441667	2020.591724	-
2459066.50080073	4.50438399033629	 23.868402941667	  5.074161302778	2020.594462	-
2459067.50080073	4.48941463737029	 23.894068812500	  5.081487433333	2020.597200	-
2459068.50080073	4.47454700078053	 23.916527537500	  5.087682066667	2020.599938	-
2459069.50080073	4.45978728047543	 23.935897183333	  5.092857505556	2020.602676	-
2459070.50080073	4.44513332034592	 23.952309541667	  5.097071638889	2020.605414	-
2459071.50080073	4.43057777299932	 23.965844337500	  5.100294244444	2020.608152	-
2459072.50080073	4.41611323943084	 23.976480650000	  5.102425527778	2020.610890	-
2459073.50080073	4.40173706304926	 23.984092091667	  5.103356036111	2020.613627	-
2459074.50080073	4.38745381956265	 23.988493266667	  5.103032111111	2020.616365	-
2459075.50080073	4.37327485828873	 23.989517583333	  5.101488094444	2020.619103	-
2459076.50080073	4.35921544929417	 23.987090987500	  5.098827050000	2020.621841	-
2459077.50080073	4.34529059844972	 23.981265304167	  5.095160561111	2020.624579	-
2459078.50080073	4.33151101557982	 23.972191433333	  5.090543144444	2020.627317	-
2459079.50080073	4.31788069492468	 23.960045687500	  5.084941194444	2020.630055	-
2459080.50080073	4.30439696785752	 23.944946379167	  5.078255227778	2020.632793	-
2459081.50080073	4.29105321823122	 23.926901350000	  5.070382686111	2020.635531	-
2459082.50080073	4.27784340945102	 23.905810729167	  5.061283688889	2020.638269	-
2459083.50080073	4.26476667809531	 23.881518695833	  5.051010694444	2020.641007	-
2459084.50080073	4.25183010339173	 23.853886341667	  5.039684788889	2020.643744	-
2459085.50080073	4.23904813224283	 23.822853395833	  5.027430936111	2020.646482	-
2459086.50080073	4.22643838691209	 23.788462866667	  5.014309525000	2020.649220	-
2459087.50080073	4.21401564843766	 23.750842137500	  5.000285397222	2020.651958	-
2459088.50080073	4.20178677486635	 23.710154262500	  4.985253280556	2020.654696	-
2459089.50080073	4.18974930941401	 23.666539433333	  4.969105925000	2020.657434	-
2459090.50080073	4.17789431735792	 23.620072100000	  4.951804386111	2020.660172	-
2459091.50080073	4.16621256427024	 23.570740716667	  4.933409747222	2020.662910	-
2459092.50080072	4.15470052505967	 23.518459012500	  4.914058013889	2020.665648	-
2459093.50080072	4.14336374882240	 23.463103391667	  4.893891011111	2020.668386	-
2459094.50080072	4.13221581258914	 23.404568262500	  4.872982080556	2020.671124	-
2459095.50080072	4.12127357533798	 23.342820091667	  4.851300241667	2020.673861	-
2459096.50080072	4.11055125334557	 23.277928358333	  4.828734094444	2020.676599	-
2459097.50080072	4.10005613815076	 23.210055804167	  4.805163061111	2020.679337	-
2459098.50080072	4.08978779356490	 23.139405708333	  4.780535122222	2020.682075	-
2459099.50080072	4.07974059969180	 23.066146562500	  4.754906377778	2020.684813	-
2459100.50080072	4.06990802712566	 22.990346641667	  4.728420672222	2020.687551	-
2459101.50080072	4.06028677875219	 22.911951166667	  4.701239527778	2020.690289	-
2459102.50080072	4.05087927445970	 22.830819400000	  4.673461197222	2020.693027	-
2459103.50080072	4.04169383388360	 22.746807133333	  4.645075563889	2020.695765	-
2459104.50080072	4.03274288940236	 22.659855112500	  4.615980569444	2020.698503	-
2459105.50080072	4.02403993617583	 22.570039841667	  4.586051525000	2020.701241	-
2459106.50080072	4.01559614084272	 22.477559891667	  4.555224088889	2020.703978	-
2459107.50080072	4.00741761694760	 22.382666158333	  4.523543563889	2020.706716	-
2459108.50080072	3.99950419385640	 22.285571529167	  4.491153830556	2020.709454	-
2459109.50080072	3.99185042082671	 22.186382166667	  4.458231352778	2020.712192	-
2459110.50080072	3.98444894630080	 22.085082862500	  4.424900794444	2020.714930	-
2459111.50080072	3.97729515088498	 21.981580029167	  4.391181141667	2020.717668	-
2459112.50080072	3.97039106347089	 21.875776629167	  4.356992691667	2020.720406	-
2459113.50080072	3.96374653516560	 21.767643287500	  4.322220736111	2020.723144	-
2459114.50080072	3.95737665361835	 21.657255150000	  4.286799019444	2020.725882	-
2459115.50080072	3.95129635449892	 21.544784345833	  4.250764747222	2020.728620	-
2459116.50080072	3.94551463010184	 21.430458208333	  4.214255091667	2020.731358	-
2459117.50080072	3.94003112273647	 21.314500987500	  4.177447008333	2020.734095	-
2459118.50080072	3.93483710381093	 21.197079416667	  4.140473994444	2020.736833	-
2459119.50080072	3.92992056089353	 21.078270708333	  4.103368733333	2020.739571	-
2459120.50080072	3.92527285323379	 20.958062483333	  4.066064697222	2020.742309	-
2459121.50080072	3.92089367045163	 20.836386091667	  4.028455500000	2020.745047	-
2459122.50080072	3.91679182259120	 20.713174266667	  3.990476613889	2020.747785	-
2459123.50080072	3.91298171831961	 20.588423120833	  3.952161341667	2020.750523	-
2459124.50080072	3.90947751038135	 20.462234933333	  3.913639788889	2020.753261	-
2459125.50080072	3.90628761992004	 20.334820641667	  3.875081825000	2020.755999	-
2459126.50080072	3.90341207972874	 20.206452650000	  3.836616716667	2020.758737	-
2459127.50080072	3.90084368115952	 20.077384091667	  3.798277388889	2020.761475	-
2459128.50080072	3.89857200465151	 19.947770783333	  3.760002205556	2020.764212	-
2459129.50080072	3.89658839787533	 19.817634962500	  3.721693097222	2020.766950	-
2459130.50080072	3.89488981629100	 19.686893429167	  3.683295227778	2020.769688	-
2459131.50080072	3.89348018059264	 19.555438445833	  3.644850330556	2020.772426	-
2459132.50080072	3.89236911538945	 19.423232612500	  3.606493183333	2020.775164	-
2459133.50080072	3.89156862575891	 19.290372833333	  3.568393408333	2020.777902	-
2459134.50080072	3.89108876981730	 19.157090254167	  3.530676147222	2020.780640	-
2459135.50080072	3.89093389862111	 19.023686129167	  3.493369405556	2020.783378	-
2459136.50080072	3.89110086654481	 18.890437629167	  3.456409341667	2020.786116	-
2459137.50080072	3.89158011081473	 18.757519541667	  3.419700644444	2020.788854	-
2459138.50080072	3.89235951931642	 18.624978533333	  3.383196283333	2020.791592	-
2459139.50080072	3.89342961903897	 18.492767141667	  3.346948772222	2020.794329	-
2459140.50080072	3.89478792114358	 18.360814770833	  3.311103419444	2020.797067	-
2459141.50080072	3.89644035094223	 18.229102258333	  3.275836758333	2020.799805	-
2459142.50080072	3.89839862391074	 18.097708616667	  3.241275030556	2020.802543	-
2459143.50080072	3.90067452764288	 17.966813466667	  3.207441347222	2020.805281	-
2459144.50080072	3.90327380916254	 17.836660587500	  3.174262700000	2020.808019	-
2459145.50080072	3.90619268144580	 17.707500195833	  3.141632983333	2020.810757	-
2459146.50080072	3.90941884368007	 17.579531691667	  3.109495300000	2020.813495	-
2459147.50080072	3.91293651381731	 17.452865975000	  3.077895025000	2020.816233	-
2459148.50080072	3.91673293977581	 17.327517395833	  3.046973777778	2020.818971	-
2459149.50080072	3.92080334886143	 17.203429375000	  3.016907155556	2020.821709	-
2459150.50080072	3.92515194775634	 17.080529845833	  2.987820800000	2020.824446	-
2459151.50080072	3.92978861335192	 16.958797808333	  2.959734322222	2020.827184	-
2459152.50080072	3.93472321082966	 16.838313954167	  2.932565947222	2020.829922	-
2459153.50080072	3.93996033521096	 16.719270450000	  2.906195475000	2020.832660	-
2459154.50080072	3.94549683679407	 16.601928908333	  2.880549186111	2020.835398	-
2459155.50080072	3.95132284544083	 16.486542083333	  2.855657077778	2020.838136	-
2459156.50080072	3.95742526029045	 16.373273366667	  2.831650844444	2020.840874	-
2459157.50080072	3.96379205351456	 16.262151883333	  2.808703744444	2020.843612	-
2459158.50080072	3.97041577570911	 16.153090012500	  2.786945405556	2020.846350	-
2459159.50080072	3.97729509650506	 16.045958541667	  2.766401277778	2020.849088	-
2459160.50080072	3.98443413736547	 15.940683070833	  2.746991530556	2020.851826	-
2459161.50080072	3.99183992791839	 15.837313975000	  2.728590205556	2020.854563	-
2459162.50080072	3.99951874864095	 15.736034150000	  2.711110422222	2020.857301	-
2459163.50080072	4.00747254810966	 15.637102658333	  2.694565786111	2020.860039	-
2459164.50080073	4.01569662954289	 15.540765687500	  2.679074088889	2020.862777	-
2459165.50080073	4.02417964247400	 15.447177145833	  2.664801686111	2020.865515	-
2459166.50080073	4.03290643183025	 15.356365200000	  2.651879650000	2020.868253	-
2459167.50080073	4.04186290712017	 15.268257075000	  2.640340433333	2020.870991	-
2459168.50080073	4.05104089460239	 15.182744137500	  2.630111305556	2020.873729	-
2459169.50080073	4.06044061542990	 15.099754566667	  2.621067700000	2020.876467	-
2459170.50080073	4.07006918958611	 15.019302370833	  2.613115361111	2020.879205	-
2459171.50080073	4.07993560056380	 14.941495891667	  2.606252719444	2020.881943	-
2459172.50080073	4.09004444912380	 14.866509987500	  2.600578613889	2020.884680	-
2459173.50080073	4.10039143771663	 14.794535625000	  2.596241611111	2020.887418	-
2459174.50080073	4.11096305011906	 14.725724262500	  2.593359705556	2020.890156	-
2459175.50080073	4.12174077690513	 14.660146162500	  2.591957955556	2020.892894	-
2459176.50080073	4.13270766330907	 14.597776133333	  2.591960255556	2020.895632	-
2459177.50080073	4.14385404842196	 14.538512883333	  2.593239377778	2020.898370	-
2459178.50080073	4.15517960845730	 14.482229204167	  2.595695505556	2020.901108	-
2459179.50080073	4.16669097735681	 14.428835816667	  2.599316541667	2020.903846	-
2459180.50080073	4.17839645974882	 14.378334425000	  2.604186202778	2020.906584	-
2459181.50080073	4.19030036799786	 14.330835762500	  2.610436005556	2020.909322	-
2459182.50080073	4.20239946615775	 14.286527112500	  2.618168502778	2020.912060	-
2459183.50080073	4.21468294451151	 14.245598741667	  2.627397897222	2020.914797	-
2459184.50080073	4.22713548462051	 14.208162954167	  2.638043255556	2020.917535	-
2459185.50080073	4.23974184045649	 14.174205441667	  2.649977811111	2020.920273	-
2459186.50080073	4.25249103294086	 14.143596420833	  2.663104672222	2020.923011	-
2459187.50080073	4.26537866549722	 14.116157650000	  2.677413361111	2020.925749	-
2459188.50080073	4.27840682197968	 14.091751795833	  2.692984811111	2020.928487	-
2459189.50080073	4.29158167734049	 14.070352175000	  2.709942483333	2020.931225	-
2459190.50080073	4.30490942910061	 14.052058229167	  2.728377697222	2020.933963	-
2459191.50080073	4.31839192617760	 14.037049245833	  2.748293925000	2020.936701	-
2459192.50080073	4.33202371313982	 14.025502604167	  2.769603561111	2020.939439	-
2459193.50080073	4.34579189148838	 14.017517300000	  2.792178966667	2020.942177	-
2459194.50080073	4.35967929361518	 14.013078758333	  2.815927263889	2020.944914	-
2459195.50080073	4.37366984384555	 14.012076570833	  2.840843680556	2020.947652	-
2459196.50080073	4.38775378757304	 14.014359445833	  2.867012538889	2020.950390	-
2459197.50080073	4.40193036443387	 14.019799841667	  2.894555627778	2020.953128	-
2459198.50080073	4.41620626031263	 14.028342275000	  2.923557241667	2020.955866	-
2459199.50080073	4.43059025828202	 14.040018204167	  2.954010563889	2020.958604	-
2459200.50080073	4.44508666283669	 14.054927100000	  2.985817238889	2020.961342	-
2459201.50080073	4.45969075324836	 14.073193966667	  3.018840391667	2020.964080	-
2459202.50080074	4.47438867726989	 14.094918220833	  3.052980177778	2020.966818	-
2459203.50080074	4.48916180474968	 14.120131562500	  3.088226722222	2020.969556	-
2459204.50080074	4.50399320044687	 14.148777795833	  3.124660386111	2020.972294	-
2459205.50080074	4.51887310263228	 14.180723483333	  3.162399355556	2020.975031	-
2459206.50080074	4.53380082153184	 14.215801279167	  3.201524077778	2020.977769	-
2459207.50080074	4.54878234067279	 14.253872225000	  3.242023347222	2020.980507	-
2459208.50080074	4.56382521281927	 14.294881200000	  3.283793469444	2020.983245	-
2459209.50080074	4.57893332745512	 14.338878966667	  3.326690933333	2020.985983	-
2459210.50080074	4.59410384889186	 14.385995079167	  3.370608027778	2020.988721	-
2459211.50080074	4.60932728588785	 14.436370925000	  3.415527102778	2020.991459	-
2459212.50080074	4.62459004055449	 14.490083333333	  3.461523175000	2020.994197	-
2459213.50080074	4.63987814652824	 14.547094716667	  3.508713697222	2020.996935	-
2459214.50080074	4.65518088337047	 14.607257662500	  3.557183377778	2020.999673	-
2459215.50080074	4.67049309720023	 14.670374145833	  3.606928141667	2021.002411	-
2459216.50080074	4.68581564048973	 14.736279141667	  3.657850733333	2021.005148	-
2459217.50080074	4.70115378500727	 14.804906845833	  3.709809955556	2021.007886	-
2459218.50080074	4.71651389583822	 14.876306758333	  3.762694813889	2021.010624	-
2459219.50080074	4.73189937990417	 14.950604791667	  3.816480072222	2021.013362	-
2459220.50080074	4.74730732563475	 15.027933070833	  3.871232636111	2021.016100	-
2459221.50080074	4.76272734487658	 15.108362158333	  3.927065883333	2021.018838	-
2459222.50080074	4.77814371441217	 15.191865454167	  3.984067394444	2021.021576	-
2459223.50080074	4.79354035292976	 15.278328883333	  4.042242247222	2021.024314	-
2459224.50080074	4.80890646002459	 15.367595195833	  4.101504638889	2021.027052	-
2459225.50080074	4.82424006648410	 15.459520266667	  4.161721905556	2021.029790	-
2459226.50080074	4.83954739477106	 15.554017862500	  4.222784686111	2021.032528	-
2459227.50080074	4.85483814864201	 15.651078025000	  4.284661438889	2021.035265	-
2459228.50080074	4.87011901281292	 15.750757779167	  4.347406872222	2021.038003	-
2459229.50080074	4.88538844470394	 15.853149325000	  4.411120550000	2021.040741	-
2459230.50080074	4.90063544301356	 15.958334604167	  4.475879541667	2021.043479	-
2459231.50080075	4.91584297357093	 16.066340991667	  4.541685191667	2021.046217	-
2459232.50080075	4.93099420148063	 16.177114283333	  4.608455111111	2021.048955	-
2459233.50080075	4.94607844482412	 16.290522050000	  4.676064441667	2021.051693	-
2459234.50080075	4.96109400230496	 16.406391529167	  4.744411355556	2021.054431	-
2459235.50080075	4.97604677799571	 16.524569258333	  4.813467150000	2021.057169	-
2459236.50080075	4.99094583960054	 16.644977466667	  4.883282141667	2021.059907	-
2459237.50080075	5.00579805003716	 16.767640800000	  4.953944838889	2021.062645	-
2459238.50080075	5.02060402836597	 16.892665325000	  5.025518500000	2021.065382	-
2459239.50080075	5.03535697546569	 17.020175975000	  5.097993886111	2021.068120	-
2459240.50080075	5.05004445515970	 17.150242325000	  5.171286505556	2021.070858	-
2459241.50080075	5.06465221747223	 17.282829479167	  5.245279502778	2021.073596	-
2459242.50080075	5.07916863994033	 17.417800287500	  5.319886041667	2021.076334	-
2459243.50080075	5.09358816086620	 17.554967479167	  5.395092897222	2021.079072	-
2459244.50080075	5.10791258701993	 17.694168325000	  5.470959675000	2021.081810	-
2459245.50080075	5.12214963544742	 17.835326029167	  5.547574161111	2021.084548	-
2459246.50080075	5.13630882857830	 17.978468487500	  5.624990058333	2021.087286	-
2459247.50080075	5.15039620962946	 18.123697216667	  5.703185508333	2021.090024	-
2459248.50080075	5.16441015021466	 18.271126141667	  5.782067800000	2021.092762	-
2459249.50080075	5.17834033257623	 18.420820904167	  5.861521500000	2021.095499	-
2459250.50080075	5.19217081156943	 18.572765329167	  5.941470988889	2021.098237	-
2459251.50080075	5.20588591400736	 18.726865354167	  6.021919155556	2021.100975	-
2459252.50080075	5.21947628108685	 18.882981570833	  6.102939744444	2021.103713	-
2459253.50080075	5.23294215962193	 19.040974900000	  6.184627133333	2021.106451	-
2459254.50080075	5.24629204891309	 19.200748700000	  6.267032272222	2021.109189	-
2459255.50080075	5.25953719015833	 19.362273591667	  6.350123338889	2021.111927	-
2459256.50080075	5.27268479206918	 19.525588037500	  6.433795055556	2021.114665	-
2459257.50080075	5.28573337976904	 19.690774550000	  6.517921650000	2021.117403	-
2459258.50080075	5.29867261384056	 19.857917641667	  6.602422355556	2021.120141	-
2459259.50080075	5.31148735623990	 20.027057762500	  6.687300613889	2021.122879	-
2459260.50080075	5.32416358672666	 20.198158391667	  6.772635027778	2021.125616	-
2459261.50080075	5.33669335359031	 20.371101958333	  6.858526816667	2021.128354	-
2459262.50080075	5.34907658764763	 20.545722945833	  6.945033194444	2021.131092	-
2459263.50080075	5.36131936128431	 20.721867362500	  7.032125575000	2021.133830	-
2459264.50080075	5.37342993464467	 20.899452270833	  7.119696869444	2021.136568	-
2459265.50080075	5.38541457465151	 21.078495220833	  7.207613983333	2021.139306	-
2459266.50080076	5.39727474977953	 21.259095558333	  7.295785394444	2021.142044	-
2459267.50080076	5.40900639555013	 21.441375216667	  7.384204672222	2021.144782	-
2459268.50080076	5.42060094747748	 21.625407958333	  7.472946280556	2021.147520	-
2459269.50080076	5.43204766714420	 21.811171075000	  7.562116077778	2021.150258	-
2459270.50080076	5.44333675887602	 21.998544933333	  7.651784002778	2021.152996	-
2459271.50080076	5.45446244963526	 22.187359875000	  7.741937730556	2021.155733	-
2459272.50080076	5.46542503440994	 22.377465183333	  7.832483444444	2021.158471	-
2459273.50080076	5.47623083059116	 22.568785708333	  7.923292902778	2021.161209	-
2459274.50080076	5.48688949052452	 22.761339916667	  8.014269425000	2021.163947	-
